#pds_CompDrive_inv_RouteOpt.bash_MEII_ldcnd01_Genrc_R_x_MinSpd5_MaxSpd28_MinTm4_MaxTm12 exp2 gam3.3 Hs1 DeltaSpd1 DeltaDm10 DeltaTm0.5
$1:spd:24|min:5|max:28|delta:1|0
$2:Tm:17|min:4|max:12|delta:0.5|0
$2:Tp:17|min:0|max:0|delta:0|0
$3:Dm:19|min:0|max:180|delta:10|1
1|MEII ldcnd01 waveres Genrc|1:spd:5|2:Tm:4.00|2:Tp:4.791$11.097,11.209,11.510,11.921,12.367,12.745,12.954,12.929,12.636,12.076,11.284,10.328,9.2870,8.2490,7.3000,6.4990,5.8920,5.5280,5.4120
2|MEII ldcnd01 waveres Genrc|1:spd:5|2:Tm:4.50|2:Tp:5.390$12.713,12.849,13.215,13.713,14.241,14.639,14.754,14.538,13.988,13.139,12.071,10.885,9.6990,8.6220,7.7520,7.0890,6.6140,6.3440,6.2620
3|MEII ldcnd01 waveres Genrc|1:spd:5|2:Tm:5.00|2:Tp:5.989$12.808,12.926,13.238,13.648,14.051,14.312,14.313,14.019,13.436,12.609,11.613,10.546,9.5110,8.6020,7.8950,7.3880,7.0550,6.8830,6.8330
4|MEII ldcnd01 waveres Genrc|1:spd:5|2:Tm:5.50|2:Tp:6.588$12.775,12.852,13.051,13.289,13.474,13.517,13.350,12.961,12.365,11.606,10.750,9.8740,9.0560,8.3630,7.8460,7.5060,7.3150,7.2330,7.2130
5|MEII ldcnd01 waveres Genrc|1:spd:5|2:Tm:6.00|2:Tp:7.187$12.965,13.003,13.096,13.182,13.186,13.040,12.703,12.183,11.513,10.746,9.9460,9.1820,8.5180,8.0050,7.6700,7.4980,7.4400,7.4380,7.4440
6|MEII ldcnd01 waveres Genrc|1:spd:5|2:Tm:6.50|2:Tp:7.786$13.028,13.026,13.007,12.933,12.755,12.427,11.930,11.290,10.554,9.7840,9.0480,8.4080,7.9140,7.5970,7.4610,7.4640,7.5360,7.6130,7.6440
7|MEII ldcnd01 waveres Genrc|1:spd:5|2:Tm:7.00|2:Tp:8.385$13.409,13.353,13.183,12.886,12.451,11.869,11.152,10.348,9.5220,8.7450,8.0850,7.5930,7.3020,7.2130,7.3000,7.4940,7.7100,7.8740,7.9350
8|MEII ldcnd01 waveres Genrc|1:spd:5|2:Tm:7.50|2:Tp:8.984$13.597,13.493,13.186,12.686,12.016,11.203,10.291,9.3510,8.4600,7.6960,7.1190,6.7710,6.6610,6.7690,7.0400,7.3890,7.7210,7.9550,8.0400
9|MEII ldcnd01 waveres Genrc|1:spd:5|2:Tm:8.00|2:Tp:9.583$13.322,13.184,12.781,12.140,11.308,10.339,9.3050,8.2920,7.3860,6.6610,6.1740,5.9500,5.9820,6.2300,6.6270,7.0760,7.4810,7.7590,7.8590
10|MEII ldcnd01 waveres Genrc|1:spd:5|2:Tm:8.50|2:Tp:10.18$12.499,12.348,11.908,11.216,10.330,9.3190,8.2650,7.2620,6.3960,5.7370,5.3330,5.1990,5.3180,5.6400,6.0930,6.5830,7.0120,7.3050,7.4080
11|MEII ldcnd01 waveres Genrc|1:spd:5|2:Tm:9.00|2:Tp:10.78$11.335,11.186,10.754,10.077,9.2150,8.2420,7.2430,6.3080,5.5200,4.9410,4.6110,4.5380,4.7010,5.0480,5.5090,5.9930,6.4130,6.6970,6.7980
12|MEII ldcnd01 waveres Genrc|1:spd:5|2:Tm:9.50|2:Tp:11.38$10.061,9.9240,9.5240,8.8990,8.1070,7.2190,6.3150,5.4790,4.7840,4.2880,4.0210,3.9890,4.1670,4.5070,4.9430,5.3950,5.7850,6.0470,6.1390
13|MEII ldcnd01 waveres Genrc|1:spd:5|2:Tm:10.0|2:Tp:11.97$8.8260,8.7030,8.3470,7.7910,7.0890,6.3050,5.5130,4.7870,4.1930,3.7780,3.5680,3.5630,3.7410,4.0570,4.4530,4.8590,5.2060,5.4390,5.5220
14|MEII ldcnd01 waveres Genrc|1:spd:5|2:Tm:10.5|2:Tp:12.57$7.7340,7.6260,7.3150,6.8310,6.2210,5.5450,4.8670,4.2540,3.7600,3.4250,3.2680,3.2870,3.4590,3.7450,4.0940,4.4480,4.7500,4.9510,5.0220
15|MEII ldcnd01 waveres Genrc|1:spd:5|2:Tm:11.0|2:Tp:13.17$6.7740,6.6830,6.4180,6.0070,5.4900,4.9210,4.3550,3.8490,3.4500,3.1880,3.0770,3.1120,3.2710,3.5200,3.8170,4.1150,4.3680,4.5370,4.5970
16|MEII ldcnd01 waveres Genrc|1:spd:5|2:Tm:11.5|2:Tp:13.77$5.9780,5.9030,5.6840,5.3430,4.9140,4.4420,3.9740,3.5580,3.2310,3.0190,2.9300,2.9610,3.0920,3.2950,3.5370,3.7790,3.9860,4.1240,4.1730
17|MEII ldcnd01 waveres Genrc|1:spd:5|2:Tm:12.0|2:Tp:14.37$5.3150,5.2550,5.0820,4.8100,4.4650,4.0810,3.6970,3.3500,3.0710,2.8820,2.7910,2.7950,2.8820,3.0300,3.2120,3.3990,3.5610,3.6710,3.7100
18|MEII ldcnd01 waveres Genrc|1:spd:6|2:Tm:4.00|2:Tp:4.791$11.058,11.155,11.413,11.758,12.115,12.412,12.576,12.542,12.270,11.750,11.009,10.100,9.0900,8.0560,7.0780,6.2370,5.6050,5.2260,5.1020
19|MEII ldcnd01 waveres Genrc|1:spd:6|2:Tm:4.50|2:Tp:5.390$11.047,11.154,11.436,11.803,12.167,12.459,12.615,12.579,12.319,11.832,11.148,10.318,9.4090,8.4940,7.6460,6.9390,6.4340,6.1470,6.0560
20|MEII ldcnd01 waveres Genrc|1:spd:6|2:Tm:5.00|2:Tp:5.989$11.841,11.938,12.191,12.506,12.786,12.964,12.985,12.810,12.421,11.835,11.094,10.261,9.4050,8.5910,7.8800,7.3240,6.9580,6.7680,6.7100
21|MEII ldcnd01 waveres Genrc|1:spd:6|2:Tm:5.50|2:Tp:6.588$12.667,12.736,12.913,13.113,13.242,13.240,13.070,12.714,12.178,11.494,10.714,9.9040,9.1280,8.4420,7.8900,7.5040,7.2840,7.1860,7.1600
22|MEII ldcnd01 waveres Genrc|1:spd:6|2:Tm:6.00|2:Tp:7.187$13.058,13.093,13.176,13.242,13.211,13.034,12.689,12.182,11.539,10.805,10.038,9.2990,8.6450,8.1200,7.7510,7.5400,7.4590,7.4460,7.4480
23|MEII ldcnd01 waveres Genrc|1:spd:6|2:Tm:6.50|2:Tp:7.786$13.318,13.311,13.278,13.178,12.961,12.592,12.070,11.418,10.680,9.9160,9.1860,8.5510,8.0550,7.7250,7.5600,7.5340,7.5900,7.6590,7.6880
24|MEII ldcnd01 waveres Genrc|1:spd:6|2:Tm:7.00|2:Tp:8.385$13.889,13.825,13.631,13.294,12.804,12.162,11.397,10.556,9.7030,8.9090,8.2380,7.7390,7.4410,7.3410,7.4070,7.5820,7.7880,7.9480,8.0070
25|MEII ldcnd01 waveres Genrc|1:spd:6|2:Tm:7.50|2:Tp:8.984$14.214,14.099,13.758,13.205,12.463,11.574,10.595,9.5980,8.6630,7.8660,7.2690,6.9090,6.7920,6.8920,7.1510,7.4880,7.8150,8.0490,8.1330
26|MEII ldcnd01 waveres Genrc|1:spd:6|2:Tm:8.00|2:Tp:9.583$14.013,13.861,13.417,12.713,11.798,10.741,9.6270,8.5460,7.5850,6.8220,6.3110,6.0740,6.1010,6.3470,6.7370,7.1820,7.5860,7.8660,7.9650
27|MEII ldcnd01 waveres Genrc|1:spd:6|2:Tm:8.50|2:Tp:10.18$13.189,13.024,12.542,11.784,10.813,9.7120,8.5760,7.5020,6.5810,5.8830,5.4550,5.3100,5.4260,5.7490,6.2000,6.6880,7.1190,7.4140,7.5190
28|MEII ldcnd01 waveres Genrc|1:spd:6|2:Tm:9.00|2:Tp:10.78$11.975,11.813,11.341,10.601,9.6590,8.6020,7.5250,6.5240,5.6840,5.0690,4.7180,4.6370,4.7990,5.1490,5.6110,6.0960,6.5200,6.8070,6.9080
29|MEII ldcnd01 waveres Genrc|1:spd:6|2:Tm:9.50|2:Tp:11.38$10.630,10.480,10.044,9.3620,8.4990,7.5350,6.5610,5.6660,4.9270,4.4000,4.1170,4.0800,4.2590,4.6040,5.0430,5.4980,5.8910,6.1570,6.2500
30|MEII ldcnd01 waveres Genrc|1:spd:6|2:Tm:10.0|2:Tp:11.97$9.3190,9.1850,8.7960,8.1900,7.4250,6.5750,5.7230,4.9470,4.3160,3.8760,3.6540,3.6460,3.8270,4.1490,4.5480,4.9560,5.3070,5.5430,5.6260
31|MEII ldcnd01 waveres Genrc|1:spd:6|2:Tm:10.5|2:Tp:12.57$8.1570,8.0400,7.7000,7.1710,6.5060,5.7730,5.0440,4.3880,3.8630,3.5080,3.3410,3.3580,3.5320,3.8210,4.1710,4.5250,4.8260,5.0280,5.0990
32|MEII ldcnd01 waveres Genrc|1:spd:6|2:Tm:11.0|2:Tp:13.17$7.1330,7.0330,6.7420,6.2910,5.7260,5.1070,4.4970,3.9560,3.5310,3.2520,3.1320,3.1630,3.3220,3.5720,3.8670,4.1600,4.4090,4.5760,4.6340
33|MEII ldcnd01 waveres Genrc|1:spd:6|2:Tm:11.5|2:Tp:13.77$6.2770,6.1940,5.9500,5.5720,5.0990,4.5820,4.0750,3.6280,3.2790,3.0530,2.9570,2.9860,3.1180,3.3220,3.5610,3.7990,4.0000,4.1350,4.1820
34|MEII ldcnd01 waveres Genrc|1:spd:6|2:Tm:12.0|2:Tp:14.37$5.5580,5.4900,5.2930,4.9850,4.5970,4.1700,3.7490,3.3740,3.0760,2.8760,2.7820,2.7890,2.8810,3.0340,3.2180,3.4040,3.5630,3.6720,3.7100
35|MEII ldcnd01 waveres Genrc|1:spd:7|2:Tm:4.00|2:Tp:4.791$11.915,12.005,12.244,12.562,12.883,13.136,13.246,13.146,12.794,12.183,11.347,10.345,9.2490,8.1370,7.0900,6.1890,5.5100,5.0960,4.9530
36|MEII ldcnd01 waveres Genrc|1:spd:7|2:Tm:4.50|2:Tp:5.390$11.939,12.045,12.325,12.686,13.035,13.301,13.415,13.319,12.975,12.387,11.592,10.652,9.6420,8.6350,7.7080,6.9360,6.3830,6.0640,5.9580
37|MEII ldcnd01 waveres Genrc|1:spd:7|2:Tm:5.00|2:Tp:5.989$13.132,13.224,13.462,13.748,13.984,14.102,14.048,13.773,13.257,12.524,11.633,10.661,9.6880,8.7780,7.9850,7.3640,6.9520,6.7330,6.6630
38|MEII ldcnd01 waveres Genrc|1:spd:7|2:Tm:5.50|2:Tp:6.588$13.869,13.936,14.105,14.288,14.386,14.336,14.101,13.655,13.000,12.179,11.257,10.314,9.4260,8.6480,8.0210,7.5770,7.3170,7.1970,7.1610
39|MEII ldcnd01 waveres Genrc|1:spd:7|2:Tm:6.00|2:Tp:7.187$14.022,14.060,14.150,14.222,14.188,13.990,13.603,13.029,12.293,11.446,10.557,9.7010,8.9450,8.3340,7.8970,7.6390,7.5280,7.4980,7.4930
40|MEII ldcnd01 waveres Genrc|1:spd:7|2:Tm:6.50|2:Tp:7.786$14.310,14.304,14.273,14.171,13.941,13.542,12.968,12.240,11.403,10.524,9.6760,8.9290,8.3380,7.9320,7.7120,7.6500,7.6860,7.7430,7.7670
41|MEII ldcnd01 waveres Genrc|1:spd:7|2:Tm:7.00|2:Tp:8.385$14.975,14.907,14.699,14.340,13.812,13.116,12.276,11.342,10.379,9.4670,8.6790,8.0770,7.6950,7.5340,7.5590,7.7090,7.9020,8.0550,8.1120
42|MEII ldcnd01 waveres Genrc|1:spd:7|2:Tm:7.50|2:Tp:8.984$15.358,15.233,14.866,14.269,13.466,12.499,11.427,10.323,9.2730,8.3600,7.6550,7.2040,7.0180,7.0700,7.3000,7.6230,7.9430,8.1740,8.2560
43|MEII ldcnd01 waveres Genrc|1:spd:7|2:Tm:8.00|2:Tp:9.583$15.158,14.993,14.513,13.749,12.756,11.605,10.386,9.1930,8.1190,7.2470,6.6400,6.3270,6.3000,6.5110,6.8830,7.3200,7.7220,8.0020,8.1020
44|MEII ldcnd01 waveres Genrc|1:spd:7|2:Tm:8.50|2:Tp:10.18$14.268,14.088,13.566,12.744,11.689,10.490,9.2480,8.0660,7.0390,6.2450,5.7350,5.5270,5.6010,5.9000,6.3410,6.8260,7.2600,7.5570,7.6620
45|MEII ldcnd01 waveres Genrc|1:spd:7|2:Tm:9.00|2:Tp:10.78$12.946,12.769,12.257,11.454,10.432,9.2820,8.1070,7.0070,6.0730,5.3760,4.9580,4.8280,4.9590,5.2940,5.7510,6.2380,6.6670,6.9570,7.0600
46|MEII ldcnd01 waveres Genrc|1:spd:7|2:Tm:9.50|2:Tp:11.38$11.478,11.315,10.842,10.103,9.1660,8.1180,7.0580,6.0770,5.2590,4.6650,4.3290,4.2550,4.4150,4.7520,5.1930,5.6540,6.0550,6.3260,6.4210
47|MEII ldcnd01 waveres Genrc|1:spd:7|2:Tm:10.0|2:Tp:11.97$10.048,9.9020,9.4810,8.8230,7.9930,7.0700,6.1420,5.2940,4.5970,4.1030,3.8400,3.8070,3.9760,4.2960,4.7010,5.1180,5.4780,5.7200,5.8050
48|MEII ldcnd01 waveres Genrc|1:spd:7|2:Tm:10.5|2:Tp:12.57$8.7820,8.6550,8.2850,7.7110,6.9890,6.1910,5.3970,4.6780,4.0970,3.6960,3.4940,3.4890,3.6540,3.9430,4.2980,4.6590,4.9680,5.1750,5.2470
49|MEII ldcnd01 waveres Genrc|1:spd:7|2:Tm:11.0|2:Tp:13.17$7.6670,7.5570,7.2400,6.7480,6.1320,5.4570,4.7900,4.1940,3.7180,3.3970,3.2450,3.2550,3.4040,3.6510,3.9480,4.2460,4.4980,4.6670,4.7260
50|MEII ldcnd01 waveres Genrc|1:spd:7|2:Tm:11.5|2:Tp:13.77$6.7320,6.6390,6.3710,5.9550,5.4350,4.8670,4.3090,3.8120,3.4180,3.1540,3.0300,3.0400,3.1620,3.3640,3.6040,3.8440,4.0470,4.1830,4.2310
51|MEII ldcnd01 waveres Genrc|1:spd:7|2:Tm:12.0|2:Tp:14.37$5.9430,5.8670,5.6450,5.3000,4.8670,4.3930,3.9230,3.5030,3.1650,2.9320,2.8150,2.8090,2.8960,3.0500,3.2390,3.4290,3.5920,3.7020,3.7410
52|MEII ldcnd01 waveres Genrc|1:spd:8|2:Tm:4.00|2:Tp:4.791$12.660,12.750,12.994,13.318,13.640,13.881,13.959,13.807,13.387,12.699,11.781,10.695,9.5240,8.3540,7.2650,6.3380,5.6440,5.2230,5.0790
53|MEII ldcnd01 waveres Genrc|1:spd:8|2:Tm:4.50|2:Tp:5.390$12.421,12.540,12.857,13.271,13.676,13.986,14.120,14.011,13.628,12.979,12.105,11.072,9.9670,8.8800,7.8900,7.0740,6.4930,6.1600,6.0500
54|MEII ldcnd01 waveres Genrc|1:spd:8|2:Tm:5.00|2:Tp:5.989$13.256,13.374,13.685,14.079,14.436,14.667,14.692,14.448,13.925,13.152,12.189,11.119,10.038,9.0350,8.1740,7.5030,7.0590,6.8240,6.7500
55|MEII ldcnd01 waveres Genrc|1:spd:8|2:Tm:5.50|2:Tp:6.588$14.041,14.133,14.373,14.658,14.871,14.926,14.761,14.340,13.674,12.808,11.811,10.770,9.7760,8.9070,8.2130,7.7210,7.4330,7.2980,7.2580
56|MEII ldcnd01 waveres Genrc|1:spd:8|2:Tm:6.00|2:Tp:7.187$14.457,14.512,14.652,14.795,14.836,14.699,14.344,13.763,12.988,12.076,11.100,10.144,9.2870,8.5920,8.0930,7.7940,7.6590,7.6190,7.6100
57|MEII ldcnd01 waveres Genrc|1:spd:8|2:Tm:6.50|2:Tp:7.786$14.943,14.948,14.950,14.894,14.708,14.337,13.762,12.999,12.101,11.140,10.195,9.3460,8.6600,8.1780,7.9060,7.8130,7.8330,7.8840,7.9060
58|MEII ldcnd01 waveres Genrc|1:spd:8|2:Tm:7.00|2:Tp:8.385$15.792,15.728,15.533,15.188,14.667,13.961,13.087,12.091,11.046,10.038,9.1510,8.4520,7.9850,7.7600,7.7460,7.8750,8.0600,8.2100,8.2650
59|MEII ldcnd01 waveres Genrc|1:spd:8|2:Tm:7.50|2:Tp:8.984$16.306,16.179,15.803,15.191,14.361,13.350,12.214,11.028,9.8830,8.8710,8.0690,7.5300,7.2730,7.2770,7.4790,7.7890,8.1060,8.3360,8.4190
60|MEII ldcnd01 waveres Genrc|1:spd:8|2:Tm:8.00|2:Tp:9.583$16.162,15.989,15.485,14.684,13.637,12.419,11.117,9.8280,8.6550,7.6880,6.9940,6.6070,6.5230,6.6990,7.0530,7.4840,7.8870,8.1690,8.2690
61|MEII ldcnd01 waveres Genrc|1:spd:8|2:Tm:8.50|2:Tp:10.18$15.242,15.052,14.500,13.629,12.510,11.233,9.9020,8.6240,7.5030,6.6220,6.0370,5.7690,5.7990,6.0720,6.5020,6.9860,7.4230,7.7240,7.8300
62|MEII ldcnd01 waveres Genrc|1:spd:8|2:Tm:9.00|2:Tp:10.78$13.836,13.649,13.105,12.252,11.164,9.9370,8.6760,7.4880,6.4700,5.6990,5.2190,5.0410,5.1390,5.4560,5.9070,6.3970,6.8300,7.1250,7.2290
63|MEII ldcnd01 waveres Genrc|1:spd:8|2:Tm:9.50|2:Tp:11.38$12.264,12.091,11.587,10.801,9.8020,8.6830,7.5460,6.4880,5.6000,4.9460,4.5620,4.4520,4.5880,4.9140,5.3530,5.8190,6.2250,6.5010,6.5970
64|MEII ldcnd01 waveres Genrc|1:spd:8|2:Tm:10.0|2:Tp:11.97$10.728,10.573,10.124,9.4230,8.5380,7.5520,6.5570,5.6440,4.8880,4.3470,4.0470,3.9880,4.1400,4.4530,4.8590,5.2810,5.6470,5.8940,5.9800
65|MEII ldcnd01 waveres Genrc|1:spd:8|2:Tm:10.5|2:Tp:12.57$9.3680,9.2320,8.8380,8.2250,7.4540,6.6010,5.7470,4.9720,4.3400,3.8970,3.6640,3.6370,3.7880,4.0720,4.4290,4.7940,5.1080,5.3180,5.3920
66|MEII ldcnd01 waveres Genrc|1:spd:8|2:Tm:11.0|2:Tp:13.17$8.1700,8.0530,7.7130,7.1850,6.5260,5.8010,5.0820,4.4330,3.9110,3.5510,3.3690,3.3580,3.4930,3.7350,4.0330,4.3350,4.5910,4.7620,4.8220
67|MEII ldcnd01 waveres Genrc|1:spd:8|2:Tm:11.5|2:Tp:13.77$7.1640,7.0640,6.7740,6.3260,5.7660,5.1520,4.5460,4.0010,3.5640,3.2630,3.1110,3.1010,3.2120,3.4100,3.6530,3.8970,4.1040,4.2420,4.2900
68|MEII ldcnd01 waveres Genrc|1:spd:8|2:Tm:12.0|2:Tp:14.37$6.3140,6.2300,5.9880,5.6110,5.1400,4.6220,4.1080,3.6430,3.2660,3.0020,2.8620,2.8400,2.9210,3.0740,3.2670,3.4640,3.6320,3.7450,3.7850
69|MEII ldcnd01 waveres Genrc|1:spd:9|2:Tm:4.00|2:Tp:4.791$13.421,13.514,13.770,14.117,14.463,14.723,14.810,14.650,14.196,13.444,12.434,11.239,9.9430,8.6360,7.4120,6.3650,5.5760,5.0900,4.9170
70|MEII ldcnd01 waveres Genrc|1:spd:9|2:Tm:4.50|2:Tp:5.390$12.821,12.956,13.320,13.805,14.285,14.662,14.849,14.773,14.395,13.714,12.772,11.642,10.416,9.1910,8.0660,7.1340,6.4680,6.0810,5.9480
71|MEII ldcnd01 waveres Genrc|1:spd:9|2:Tm:5.00|2:Tp:5.989$13.047,13.189,13.571,14.069,14.540,14.881,15.007,14.860,14.415,13.687,12.730,11.624,10.463,9.3470,8.3650,7.5940,7.0780,6.7990,6.7060
72|MEII ldcnd01 waveres Genrc|1:spd:9|2:Tm:5.50|2:Tp:6.588$13.922,14.036,14.341,14.721,15.038,15.190,15.111,14.769,14.163,13.328,12.328,11.247,10.179,9.2090,8.4120,7.8370,7.4910,7.3220,7.2670
73|MEII ldcnd01 waveres Genrc|1:spd:9|2:Tm:6.00|2:Tp:7.187$14.758,14.831,15.021,15.236,15.352,15.276,14.965,14.409,13.634,12.693,11.664,10.633,9.6840,8.8900,8.3030,7.9370,7.7590,7.6930,7.6750
74|MEII ldcnd01 waveres Genrc|1:spd:9|2:Tm:6.50|2:Tp:7.786$15.498,15.515,15.552,15.545,15.406,15.066,14.500,13.725,12.791,11.770,10.749,9.8140,9.0360,8.4670,8.1240,7.9820,7.9720,8.0070,8.0220
75|MEII ldcnd01 waveres Genrc|1:spd:9|2:Tm:7.00|2:Tp:8.385$16.583,16.523,16.340,16.009,15.495,14.779,13.874,12.829,11.719,10.633,9.6590,8.8730,8.3250,8.0290,7.9620,8.0580,8.2240,8.3640,8.4160
76|MEII ldcnd01 waveres Genrc|1:spd:9|2:Tm:7.50|2:Tp:8.984$17.273,17.142,16.756,16.125,15.263,14.203,13.001,11.738,10.507,9.4060,8.5170,7.8990,7.5740,7.5230,7.6880,7.9760,8.2830,8.5090,8.5900
77|MEII ldcnd01 waveres Genrc|1:spd:9|2:Tm:8.00|2:Tp:9.583$17.214,17.032,16.500,15.655,14.547,13.252,11.860,10.477,9.2100,8.1530,7.3790,6.9240,6.7860,6.9220,7.2510,7.6710,8.0700,8.3510,8.4510
78|MEII ldcnd01 waveres Genrc|1:spd:9|2:Tm:8.50|2:Tp:10.18$16.277,16.075,15.487,14.560,13.367,12.001,10.573,9.1980,7.9850,7.0210,6.3670,6.0430,6.0320,6.2780,6.6920,7.1710,7.6090,7.9110,8.0170
79|MEII ldcnd01 waveres Genrc|1:spd:9|2:Tm:9.00|2:Tp:10.78$14.787,14.587,14.006,13.096,11.932,10.617,9.2630,7.9850,6.8850,6.0420,5.5040,5.2830,5.3510,5.6480,6.0890,6.5770,7.0130,7.3110,7.4150
80|MEII ldcnd01 waveres Genrc|1:spd:9|2:Tm:9.50|2:Tp:11.38$13.104,12.919,12.381,11.540,10.472,9.2730,8.0520,6.9150,5.9570,5.2440,4.8140,4.6700,4.7830,5.0940,5.5260,5.9890,6.3980,6.6750,6.7720
81|MEII ldcnd01 waveres Genrc|1:spd:9|2:Tm:10.0|2:Tp:11.97$11.454,11.289,10.808,10.059,9.1120,8.0550,6.9880,6.0070,5.1940,4.6040,4.2670,4.1810,4.3150,4.6150,5.0140,5.4340,5.8000,6.0470,6.1330
82|MEII ldcnd01 waveres Genrc|1:spd:9|2:Tm:10.5|2:Tp:12.57$9.9940,9.8490,9.4260,8.7700,7.9440,7.0290,6.1120,5.2770,4.5930,4.1080,3.8430,3.7920,3.9270,4.2000,4.5510,4.9150,5.2280,5.4390,5.5130
83|MEII ldcnd01 waveres Genrc|1:spd:9|2:Tm:11.0|2:Tp:13.17$8.7080,8.5810,8.2160,7.6510,6.9420,6.1620,5.3850,4.6830,4.1130,3.7130,3.5000,3.4670,3.5880,3.8210,4.1150,4.4170,4.6740,4.8460,4.9060
84|MEII ldcnd01 waveres Genrc|1:spd:9|2:Tm:11.5|2:Tp:13.77$7.6260,7.5180,7.2050,6.7210,6.1170,5.4530,4.7940,4.2000,3.7180,3.3800,3.2000,3.1710,3.2700,3.4620,3.7040,3.9500,4.1600,4.3000,4.3490
85|MEII ldcnd01 waveres Genrc|1:spd:9|2:Tm:12.0|2:Tp:14.37$6.7090,6.6180,6.3540,5.9450,5.4320,4.8670,4.3050,3.7960,3.3790,3.0830,2.9180,2.8820,2.9540,3.1060,3.3020,3.5030,3.6760,3.7920,3.8330
86|MEII ldcnd01 waveres Genrc|1:spd:10|2:Tm:4.00|2:Tp:4.791$14.273,14.368,14.625,14.965,15.292,15.518,15.553,15.323,14.783,13.931,12.812,11.504,10.099,8.6920,7.3830,6.2680,5.4320,4.9200,4.7420
87|MEII ldcnd01 waveres Genrc|1:spd:10|2:Tm:4.50|2:Tp:5.390$13.440,13.587,13.985,14.510,15.023,15.417,15.600,15.497,15.066,14.307,13.266,12.024,10.678,9.3360,8.1070,7.0950,6.3760,5.9610,5.8220
88|MEII ldcnd01 waveres Genrc|1:spd:10|2:Tm:5.00|2:Tp:5.989$13.402,13.560,13.987,14.543,15.069,15.452,15.604,15.463,15.003,14.235,13.213,12.022,10.763,9.5420,8.4640,7.6190,7.0550,6.7510,6.6520
89|MEII ldcnd01 waveres Genrc|1:spd:10|2:Tm:5.50|2:Tp:6.588$14.315,14.444,14.791,15.227,15.597,15.786,15.729,15.389,14.764,13.885,12.820,11.659,10.498,9.4340,8.5520,7.9140,7.5290,7.3400,7.2810
90|MEII ldcnd01 waveres Genrc|1:spd:10|2:Tm:6.00|2:Tp:7.187$15.338,15.424,15.652,15.916,16.076,16.028,15.721,15.145,14.325,13.316,12.202,11.075,10.030,9.1470,8.4860,8.0700,7.8640,7.7860,7.7640
91|MEII ldcnd01 waveres Genrc|1:spd:10|2:Tm:6.50|2:Tp:7.786$16.243,16.271,16.334,16.362,16.250,15.920,15.338,14.520,13.519,12.413,11.295,10.260,9.3900,8.7430,8.3440,8.1680,8.1430,8.1730,8.1870
92|MEII ldcnd01 waveres Genrc|1:spd:10|2:Tm:7.00|2:Tp:8.385$17.549,17.490,17.313,16.986,16.462,15.718,14.761,13.642,12.440,11.252,10.175,9.2920,8.6620,8.3050,8.1990,8.2770,8.4380,8.5800,8.6320
93|MEII ldcnd01 waveres Genrc|1:spd:10|2:Tm:7.50|2:Tp:8.984$18.415,18.278,17.875,17.214,16.304,15.177,13.889,12.524,11.184,9.9720,8.9810,8.2750,7.8820,7.7850,7.9260,8.2070,8.5170,8.7470,8.8300
94|MEII ldcnd01 waveres Genrc|1:spd:10|2:Tm:8.00|2:Tp:9.583$18.441,18.247,17.681,16.778,15.592,14.200,12.698,11.199,9.8150,8.6500,7.7820,7.2520,7.0610,7.1650,7.4800,7.9000,8.3050,8.5930,8.6960
95|MEII ldcnd01 waveres Genrc|1:spd:10|2:Tm:8.50|2:Tp:10.18$17.471,17.254,16.624,15.630,14.346,12.873,11.329,9.8370,8.5130,7.4510,6.7170,6.3320,6.2810,6.5040,6.9120,7.3950,7.8410,8.1500,8.2590
96|MEII ldcnd01 waveres Genrc|1:spd:10|2:Tm:9.00|2:Tp:10.78$15.875,15.660,15.037,14.058,12.806,11.387,9.9240,8.5380,7.3400,6.4130,5.8090,5.5390,5.5760,5.8580,6.2970,6.7900,7.2330,7.5380,7.6450
97|MEII ldcnd01 waveres Genrc|1:spd:10|2:Tm:9.50|2:Tp:11.38$14.061,13.861,13.283,12.380,11.230,9.9380,8.6200,7.3900,6.3470,5.5630,5.0780,4.8960,4.9840,5.2830,5.7110,6.1780,6.5920,6.8740,6.9740
98|MEII ldcnd01 waveres Genrc|1:spd:10|2:Tm:10.0|2:Tp:11.97$12.279,12.101,11.585,10.780,9.7600,8.6220,7.4720,6.4110,5.5260,4.8760,4.4920,4.3730,4.4860,4.7760,5.1700,5.5910,5.9600,6.2100,6.2970
99|MEII ldcnd01 waveres Genrc|1:spd:10|2:Tm:10.5|2:Tp:12.57$10.703,10.546,10.093,9.3870,8.4980,7.5110,6.5210,5.6160,4.8690,4.3310,4.0240,3.9440,4.0610,4.3250,4.6720,5.0370,5.3530,5.5670,5.6410
100|MEII ldcnd01 waveres Genrc|1:spd:10|2:Tm:11.0|2:Tp:13.17$9.3140,9.1780,8.7860,8.1770,7.4130,6.5690,5.7270,4.9610,4.3340,3.8860,3.6350,3.5760,3.6810,3.9080,4.2010,4.5050,4.7670,4.9430,5.0040
101|MEII ldcnd01 waveres Genrc|1:spd:10|2:Tm:11.5|2:Tp:13.77$8.1460,8.0290,7.6910,7.1690,6.5140,5.7940,5.0760,4.4240,3.8900,3.5100,3.2960,3.2450,3.3320,3.5200,3.7640,4.0160,4.2310,4.3760,4.4260
102|MEII ldcnd01 waveres Genrc|1:spd:10|2:Tm:12.0|2:Tp:14.37$7.1550,7.0560,6.7690,6.3230,5.7650,5.1490,4.5340,3.9730,3.5110,3.1770,2.9860,2.9320,2.9960,3.1470,3.3470,3.5560,3.7360,3.8570,3.8990
103|MEII ldcnd01 waveres Genrc|1:spd:11|2:Tm:4.00|2:Tp:4.791$15.162,15.251,15.488,15.789,16.061,16.216,16.170,15.849,15.215,14.274,13.073,11.694,10.232,8.7860,7.4520,6.3240,5.4830,4.9750,4.8050
104|MEII ldcnd01 waveres Genrc|1:spd:11|2:Tm:4.50|2:Tp:5.390$14.080,14.221,14.598,15.087,15.557,15.902,16.030,15.870,15.383,14.573,13.490,12.214,10.844,9.4890,8.2550,7.2420,6.5220,6.1100,5.9760
105|MEII ldcnd01 waveres Genrc|1:spd:11|2:Tm:5.00|2:Tp:5.989$13.935,14.095,14.523,15.077,15.597,15.964,16.091,15.918,15.417,14.604,13.535,12.298,10.997,9.7430,8.6390,7.7760,7.2030,6.8960,6.8000
106|MEII ldcnd01 waveres Genrc|1:spd:11|2:Tm:5.50|2:Tp:6.588$14.922,15.059,15.423,15.878,16.260,16.450,16.377,16.004,15.332,14.393,13.261,12.030,10.805,9.6840,8.7590,8.0940,7.6950,7.5010,7.4440
107|MEII ldcnd01 waveres Genrc|1:spd:11|2:Tm:6.00|2:Tp:7.187$16.055,16.149,16.396,16.683,16.858,16.809,16.482,15.864,14.984,13.902,12.707,11.502,10.387,9.4480,8.7500,8.3160,8.1050,8.0270,8.0080
108|MEII ldcnd01 waveres Genrc|1:spd:11|2:Tm:6.50|2:Tp:7.786$17.077,17.112,17.191,17.236,17.134,16.792,16.177,15.302,14.227,13.035,11.830,10.714,9.7770,9.0850,8.6630,8.4850,8.4680,8.5070,8.5260
109|MEII ldcnd01 waveres Genrc|1:spd:11|2:Tm:7.00|2:Tp:8.385$18.606,18.548,18.365,18.028,17.481,16.693,15.669,14.463,13.162,11.871,10.697,9.7320,9.0410,8.6500,8.5340,8.6190,8.7960,8.9510,9.0090
110|MEII ldcnd01 waveres Genrc|1:spd:11|2:Tm:7.50|2:Tp:8.984$19.670,19.525,19.094,18.389,17.416,16.205,14.815,13.335,11.876,10.550,9.4590,8.6720,8.2240,8.0990,8.2350,8.5280,8.8530,9.0970,9.1850
111|MEII ldcnd01 waveres Genrc|1:spd:11|2:Tm:8.00|2:Tp:9.583$19.799,19.590,18.979,18.004,16.723,15.216,13.587,11.955,10.443,9.1620,8.1970,7.5950,7.3560,7.4350,7.7470,8.1750,8.5940,8.8920,8.9990
112|MEII ldcnd01 waveres Genrc|1:spd:11|2:Tm:8.50|2:Tp:10.18$18.801,18.566,17.882,16.805,15.414,13.816,12.139,10.514,9.0670,7.8990,7.0790,6.6330,6.5430,6.7480,7.1530,7.6440,8.1010,8.4190,8.5320
113|MEII ldcnd01 waveres Genrc|1:spd:11|2:Tm:9.00|2:Tp:10.78$17.091,16.858,16.181,15.120,13.762,12.223,10.634,9.1260,7.8190,6.8010,6.1260,5.8070,5.8150,6.0840,6.5220,7.0230,7.4760,7.7890,7.8990
114|MEII ldcnd01 waveres Genrc|1:spd:11|2:Tm:9.50|2:Tp:11.38$15.128,14.912,14.286,13.306,12.060,10.660,9.2310,7.8950,6.7570,5.8960,5.3510,5.1280,5.1930,5.4820,5.9110,6.3840,6.8050,7.0930,7.1950
115|MEII ldcnd01 waveres Genrc|1:spd:11|2:Tm:10.0|2:Tp:11.97$13.196,13.003,12.445,11.573,10.470,9.2380,7.9920,6.8390,5.8720,5.1550,4.7210,4.5670,4.6600,4.9410,5.3350,5.7600,6.1340,6.3890,6.4780
116|MEII ldcnd01 waveres Genrc|1:spd:11|2:Tm:10.5|2:Tp:12.57$11.489,11.320,10.829,10.065,9.1030,8.0340,6.9600,5.9750,5.1560,4.5590,4.2070,4.0970,4.1970,4.4540,4.8020,5.1700,5.4920,5.7100,5.7860
117|MEII ldcnd01 waveres Genrc|1:spd:11|2:Tm:11.0|2:Tp:13.17$9.9870,9.8400,9.4150,8.7550,7.9270,7.0110,6.0940,5.2570,4.5660,4.0650,3.7740,3.6890,3.7800,4.0010,4.2970,4.6080,4.8770,5.0570,5.1200
118|MEII ldcnd01 waveres Genrc|1:spd:11|2:Tm:11.5|2:Tp:13.77$8.7240,8.5970,8.2300,7.6620,6.9510,6.1660,5.3810,4.6650,4.0750,3.6470,3.3990,3.3250,3.4010,3.5870,3.8360,4.0960,4.3200,4.4700,4.5230
119|MEII ldcnd01 waveres Genrc|1:spd:11|2:Tm:12.0|2:Tp:14.37$7.6510,7.5420,7.2290,6.7430,6.1340,5.4600,4.7850,4.1670,3.6550,3.2820,3.0610,2.9890,3.0460,3.1980,3.4050,3.6240,3.8120,3.9390,3.9840
120|MEII ldcnd01 waveres Genrc|1:spd:12|2:Tm:4.00|2:Tp:4.791$16.111,16.195,16.414,16.686,16.917,17.024,16.917,16.535,15.837,14.828,13.559,12.115,10.590,9.0830,7.6970,6.5280,5.6570,5.1300,4.9550
121|MEII ldcnd01 waveres Genrc|1:spd:12|2:Tm:4.50|2:Tp:5.390$14.761,14.896,15.255,15.719,16.160,16.471,16.563,16.367,15.845,15.001,13.883,12.571,11.164,9.7710,8.5020,7.4580,6.7120,6.2800,6.1400
122|MEII ldcnd01 waveres Genrc|1:spd:12|2:Tm:5.00|2:Tp:5.989$14.511,14.676,15.119,15.692,16.232,16.611,16.737,16.546,16.014,15.157,14.034,12.735,11.370,10.054,8.9000,7.9980,7.3970,7.0720,6.9710
123|MEII ldcnd01 waveres Genrc|1:spd:12|2:Tm:5.50|2:Tp:6.588$15.432,15.583,15.987,16.499,16.938,17.174,17.124,16.750,16.049,15.060,13.859,12.549,11.243,10.050,9.0680,8.3640,7.9430,7.7380,7.6780
124|MEII ldcnd01 waveres Genrc|1:spd:12|2:Tm:6.00|2:Tp:7.187$16.606,16.716,17.004,17.351,17.587,17.584,17.277,16.653,15.739,14.601,13.335,12.049,10.855,9.8500,9.1030,8.6410,8.4180,8.3360,8.3170
125|MEII ldcnd01 waveres Genrc|1:spd:12|2:Tm:6.50|2:Tp:7.786$17.837,17.882,17.992,18.077,18.014,17.693,17.070,16.160,15.027,13.761,12.469,11.263,10.243,9.4850,9.0200,8.8210,8.7970,8.8340,8.8540
126|MEII ldcnd01 waveres Genrc|1:spd:12|2:Tm:7.00|2:Tp:8.385$19.655,19.599,19.424,19.091,18.540,17.726,16.652,15.372,13.978,12.584,11.304,10.238,9.4600,9.0010,8.8420,8.9070,9.0750,9.2270,9.2860
127|MEII ldcnd01 waveres Genrc|1:spd:12|2:Tm:7.50|2:Tp:8.984$20.964,20.812,20.362,19.621,18.597,17.313,15.829,14.239,12.660,11.212,10.005,9.1160,8.5830,8.3950,8.4920,8.7650,9.0810,9.3210,9.4080
128|MEII ldcnd01 waveres Genrc|1:spd:12|2:Tm:8.00|2:Tp:9.583$21.239,21.016,20.361,19.318,17.945,16.325,14.569,12.801,11.155,9.7480,8.6700,7.9730,7.6610,7.6880,7.9680,8.3800,8.7910,9.0860,9.1920
129|MEII ldcnd01 waveres Genrc|1:spd:12|2:Tm:8.50|2:Tp:10.18$20.233,19.980,19.242,18.080,16.579,14.853,13.038,11.274,9.6960,8.4100,7.4900,6.9650,6.8160,6.9810,7.3620,7.8410,8.2930,8.6090,8.7220
130|MEII ldcnd01 waveres Genrc|1:spd:12|2:Tm:9.00|2:Tp:10.78$18.408,18.157,17.424,16.278,14.810,13.145,11.424,9.7890,8.3630,7.2420,6.4840,6.1010,6.0640,6.3030,6.7240,7.2170,7.6680,7.9790,8.0890
131|MEII ldcnd01 waveres Genrc|1:spd:12|2:Tm:9.50|2:Tp:11.38$16.289,16.056,15.378,14.320,12.973,11.459,9.9110,8.4620,7.2210,6.2710,5.6570,5.3810,5.4090,5.6750,6.0900,6.5570,6.9760,7.2640,7.3650
132|MEII ldcnd01 waveres Genrc|1:spd:12|2:Tm:10.0|2:Tp:11.97$14.196,13.987,13.384,12.443,11.251,9.9200,8.5700,7.3180,6.2620,5.4690,4.9740,4.7750,4.8370,5.0990,5.4820,5.9020,6.2740,6.5280,6.6170
133|MEII ldcnd01 waveres Genrc|1:spd:12|2:Tm:10.5|2:Tp:12.57$12.347,12.164,11.634,10.809,9.7700,8.6140,7.4490,6.3760,5.4790,4.8150,4.4110,4.2610,4.3350,4.5760,4.9160,5.2820,5.6030,5.8210,5.8970
134|MEII ldcnd01 waveres Genrc|1:spd:12|2:Tm:11.0|2:Tp:13.17$10.721,10.562,10.102,9.3890,8.4940,7.5010,6.5050,5.5900,4.8290,4.2690,3.9320,3.8130,3.8820,4.0920,4.3830,4.6940,4.9650,5.1470,5.2110
135|MEII ldcnd01 waveres Genrc|1:spd:12|2:Tm:11.5|2:Tp:13.77$9.3550,9.2170,8.8200,8.2050,7.4330,6.5800,5.7240,4.9400,4.2880,3.8080,3.5200,3.4180,3.4760,3.6540,3.9020,4.1650,4.3920,4.5450,4.5990
136|MEII ldcnd01 waveres Genrc|1:spd:12|2:Tm:12.0|2:Tp:14.37$8.1930,8.0750,7.7340,7.2060,6.5430,5.8080,5.0700,4.3920,3.8260,3.4080,3.1540,3.0600,3.1040,3.2510,3.4590,3.6810,3.8750,4.0050,4.0500
137|MEII ldcnd01 waveres Genrc|1:spd:13|2:Tm:4.00|2:Tp:4.791$17.089,17.170,17.379,17.632,17.837,17.906,17.757,17.334,16.590,15.530,14.204,12.697,11.102,9.5200,8.0600,6.8300,5.9140,5.3590,5.1760
138|MEII ldcnd01 waveres Genrc|1:spd:13|2:Tm:4.50|2:Tp:5.390$15.475,15.611,15.971,16.436,16.875,17.179,17.257,17.042,16.493,15.614,14.449,13.081,11.610,10.148,8.8120,7.7120,6.9220,6.4620,6.3140
139|MEII ldcnd01 waveres Genrc|1:spd:13|2:Tm:5.00|2:Tp:5.989$15.085,15.263,15.740,16.363,16.954,17.371,17.517,17.327,16.773,15.871,14.682,13.303,11.848,10.443,9.2090,8.2490,7.6080,7.2590,7.1510
140|MEII ldcnd01 waveres Genrc|1:spd:13|2:Tm:5.50|2:Tp:6.588$15.828,16.000,16.464,17.061,17.591,17.903,17.906,17.556,16.850,15.825,14.561,13.168,11.765,10.476,9.4140,8.6540,8.1980,7.9750,7.9090
141|MEII ldcnd01 waveres Genrc|1:spd:13|2:Tm:6.00|2:Tp:7.187$17.003,17.134,17.485,17.917,18.245,18.316,18.059,17.455,16.534,15.357,14.024,12.652,11.360,10.258,9.4320,8.9150,8.6580,8.5590,8.5350
142|MEII ldcnd01 waveres Genrc|1:spd:13|2:Tm:6.50|2:Tp:7.786$18.507,18.568,18.721,18.868,18.863,18.583,17.973,17.048,15.869,14.529,13.142,11.828,10.697,9.8340,9.2850,9.0270,8.9680,8.9860,9.0000
143|MEII ldcnd01 waveres Genrc|1:spd:13|2:Tm:7.00|2:Tp:8.385$20.658,20.608,20.450,20.136,19.598,18.775,17.665,16.320,14.839,13.335,11.932,10.741,9.8430,9.2790,9.0390,9.0460,9.1790,9.3110,9.3630
144|MEII ldcnd01 waveres Genrc|1:spd:13|2:Tm:7.50|2:Tp:8.984$22.250,22.094,21.631,20.865,19.801,18.455,16.886,15.191,13.491,11.911,10.570,9.5560,8.9120,8.6330,8.6590,8.8830,9.1690,9.3910,9.4730
145|MEII ldcnd01 waveres Genrc|1:spd:13|2:Tm:8.00|2:Tp:9.583$22.711,22.473,21.778,20.671,19.211,17.483,15.601,13.700,11.916,10.372,9.1670,8.3600,7.9560,7.9110,8.1370,8.5140,8.9030,9.1860,9.2880
146|MEII ldcnd01 waveres Genrc|1:spd:13|2:Tm:8.50|2:Tp:10.18$21.716,21.445,20.653,19.408,17.797,15.943,13.989,12.085,10.369,8.9560,7.9240,7.3060,7.0840,7.1940,7.5350,7.9880,8.4240,8.7310,8.8410
147|MEII ldcnd01 waveres Genrc|1:spd:13|2:Tm:9.00|2:Tp:10.78$19.783,19.511,18.725,17.490,15.912,14.119,12.263,10.495,8.9450,7.7130,6.8600,6.4010,6.3050,6.5010,6.8910,7.3630,7.8010,8.1060,8.2140
148|MEII ldcnd01 waveres Genrc|1:spd:13|2:Tm:9.50|2:Tp:11.38$17.504,17.253,16.524,15.384,13.935,12.304,10.634,9.0660,7.7150,6.6690,5.9740,5.6350,5.6150,5.8450,6.2360,6.6860,7.0950,7.3770,7.4770
149|MEII ldcnd01 waveres Genrc|1:spd:13|2:Tm:10.0|2:Tp:11.97$15.244,15.020,14.370,13.358,12.075,10.641,9.1840,7.8280,6.6760,5.8000,5.2350,4.9820,5.0030,5.2360,5.5990,6.0060,6.3700,6.6190,6.7070
150|MEII ldcnd01 waveres Genrc|1:spd:13|2:Tm:10.5|2:Tp:12.57$13.248,13.051,12.480,11.593,10.474,9.2280,7.9690,6.8050,5.8240,5.0860,4.6210,4.4260,4.4650,4.6820,5.0060,5.3630,5.6790,5.8940,5.9690
151|MEII ldcnd01 waveres Genrc|1:spd:13|2:Tm:11.0|2:Tp:13.17$11.494,11.323,10.827,10.060,9.0940,8.0220,6.9420,5.9470,5.1120,4.4880,4.0990,3.9400,3.9800,4.1720,4.4520,4.7570,5.0250,5.2060,5.2700
152|MEII ldcnd01 waveres Genrc|1:spd:13|2:Tm:11.5|2:Tp:13.77$10.020,9.8710,9.4430,8.7790,7.9460,7.0220,6.0920,5.2370,4.5190,3.9840,3.6510,3.5150,3.5510,3.7150,3.9550,4.2150,4.4430,4.5960,4.6490
153|MEII ldcnd01 waveres Genrc|1:spd:13|2:Tm:12.0|2:Tp:14.37$8.7670,8.6390,8.2700,7.6980,6.9800,6.1820,5.3790,4.6380,4.0160,3.5500,3.2580,3.1360,3.1620,3.2990,3.5020,3.7240,3.9180,4.0500,4.0960
154|MEII ldcnd01 waveres Genrc|1:spd:14|2:Tm:4.00|2:Tp:4.791$18.125,18.202,18.402,18.638,18.818,18.853,18.659,18.171,17.348,16.194,14.770,13.171,11.494,9.8430,8.3260,7.0470,6.0950,5.5180,5.3260
155|MEII ldcnd01 waveres Genrc|1:spd:14|2:Tm:4.50|2:Tp:5.390$16.228,16.365,16.730,17.200,17.643,17.943,18.007,17.766,17.176,16.240,15.010,13.574,12.035,10.509,9.1160,7.9680,7.1410,6.6580,6.5030
156|MEII ldcnd01 waveres Genrc|1:spd:14|2:Tm:5.00|2:Tp:5.989$15.650,15.838,16.341,17.004,17.634,18.084,18.249,18.059,17.487,16.544,15.297,13.848,12.317,10.836,9.5350,8.5200,7.8400,7.4680,7.3530
157|MEII ldcnd01 waveres Genrc|1:spd:14|2:Tm:5.50|2:Tp:6.588$16.240,16.430,16.943,17.610,18.214,18.590,18.638,18.309,17.596,16.538,15.216,13.745,12.255,10.878,9.7380,8.9180,8.4230,8.1780,8.1050
158|MEII ldcnd01 waveres Genrc|1:spd:14|2:Tm:6.00|2:Tp:7.187$17.448,17.599,18.004,18.513,18.921,19.061,18.847,18.259,17.320,16.097,14.690,13.226,11.833,10.632,9.7200,9.1400,8.8440,8.7230,8.6920
159|MEII ldcnd01 waveres Genrc|1:spd:14|2:Tm:6.50|2:Tp:7.786$19.212,19.288,19.482,19.687,19.738,19.496,18.898,17.952,16.718,15.291,13.795,12.362,11.111,10.138,9.4980,9.1750,9.0740,9.0690,9.0750
160|MEII ldcnd01 waveres Genrc|1:spd:14|2:Tm:7.00|2:Tp:8.385$21.698,21.656,21.513,21.219,20.693,19.860,18.712,17.302,15.720,14.091,12.550,11.221,10.197,9.5260,9.2000,9.1480,9.2430,9.3530,9.3980
161|MEII ldcnd01 waveres Genrc|1:spd:14|2:Tm:7.50|2:Tp:8.984$23.608,23.447,22.968,22.176,21.066,19.655,17.997,16.188,14.353,12.627,11.138,9.9870,9.2260,8.8530,8.8090,8.9850,9.2410,9.4460,9.5220
162|MEII ldcnd01 waveres Genrc|1:spd:14|2:Tm:8.00|2:Tp:9.583$24.299,24.047,23.306,22.127,20.570,18.723,16.705,14.657,12.718,11.021,9.6750,8.7460,8.2450,8.1260,8.3000,8.6410,9.0090,9.2800,9.3770
163|MEII ldcnd01 waveres Genrc|1:spd:14|2:Tm:8.50|2:Tp:10.18$23.337,23.046,22.195,20.855,19.121,17.125,15.017,12.955,11.085,9.5290,8.3710,7.6500,7.3490,7.4010,7.7030,8.1290,8.5490,8.8470,8.9540
164|MEII ldcnd01 waveres Genrc|1:spd:14|2:Tm:9.00|2:Tp:10.78$21.295,21.003,20.153,18.820,17.115,15.179,13.174,11.256,9.5650,8.2060,7.2450,6.7010,6.5410,6.6920,7.0500,7.5010,7.9260,8.2230,8.3290
165|MEII ldcnd01 waveres Genrc|1:spd:14|2:Tm:9.50|2:Tp:11.38$18.844,18.573,17.785,16.554,14.988,13.225,11.419,9.7170,8.2420,7.0850,6.2980,5.8870,5.8150,6.0080,6.3730,6.8060,7.2050,7.4810,7.5790
166|MEII ldcnd01 waveres Genrc|1:spd:14|2:Tm:10.0|2:Tp:11.97$16.402,16.160,15.458,14.364,12.978,11.428,9.8510,8.3780,7.1170,6.1440,5.5010,5.1870,5.1640,5.3670,5.7100,6.1040,6.4600,6.7050,6.7920
167|MEII ldcnd01 waveres Genrc|1:spd:14|2:Tm:10.5|2:Tp:12.57$14.244,14.031,13.414,12.456,11.246,9.8990,8.5340,7.2670,6.1900,5.3700,4.8370,4.5890,4.5910,4.7840,5.0930,5.4410,5.7520,5.9640,6.0390
168|MEII ldcnd01 waveres Genrc|1:spd:14|2:Tm:11.0|2:Tp:13.17$12.348,12.163,11.628,10.798,9.7530,8.5920,7.4200,6.3340,5.4150,4.7190,4.2710,4.0670,4.0780,4.2500,4.5190,4.8190,5.0850,5.2650,5.3290
169|MEII ldcnd01 waveres Genrc|1:spd:14|2:Tm:11.5|2:Tp:13.77$10.756,10.595,10.131,9.4130,8.5100,7.5070,6.4960,5.5610,4.7700,4.1720,3.7890,3.6160,3.6270,3.7760,4.0080,4.2660,4.4930,4.6470,4.7010
170|MEII ldcnd01 waveres Genrc|1:spd:14|2:Tm:12.0|2:Tp:14.37$9.4040,9.2650,8.8640,8.2440,7.4630,6.5950,5.7200,4.9090,4.2230,3.7040,3.3690,3.2160,3.2220,3.3480,3.5460,3.7670,3.9630,4.0960,4.1420
171|MEII ldcnd01 waveres Genrc|1:spd:15|2:Tm:4.00|2:Tp:4.791$19.177,19.250,19.440,19.658,19.812,19.811,19.573,19.028,18.136,16.902,15.385,13.678,11.884,10.114,8.4830,7.1040,6.0740,5.4470,5.2390
172|MEII ldcnd01 waveres Genrc|1:spd:15|2:Tm:4.50|2:Tp:5.390$16.990,17.129,17.497,17.968,18.410,18.704,18.754,18.489,17.865,16.882,15.590,14.075,12.445,10.822,9.3340,8.1010,7.2070,6.6830,6.5130
173|MEII ldcnd01 waveres Genrc|1:spd:15|2:Tm:5.00|2:Tp:5.989$16.197,16.392,16.912,17.594,18.246,18.714,18.893,18.712,18.139,17.181,15.905,14.409,12.816,11.263,9.8870,8.8060,8.0750,7.6740,7.5480
174|MEII ldcnd01 waveres Genrc|1:spd:15|2:Tm:5.50|2:Tp:6.588$16.697,16.900,17.448,18.162,18.816,19.235,19.316,19.011,18.306,17.233,15.876,14.351,12.790,11.333,10.114,9.2280,8.6870,8.4150,8.3340
175|MEII ldcnd01 waveres Genrc|1:spd:15|2:Tm:6.00|2:Tp:7.187$17.976,18.143,18.593,19.163,19.632,19.823,19.643,19.063,18.107,16.837,15.362,13.810,12.319,11.019,10.020,9.3710,9.0290,8.8830,8.8430
176|MEII ldcnd01 waveres Genrc|1:spd:15|2:Tm:6.50|2:Tp:7.786$19.955,20.045,20.275,20.530,20.628,20.417,19.823,18.851,17.559,16.045,14.440,12.887,11.517,10.436,9.7050,9.3150,9.1710,9.1420,9.1400
177|MEII ldcnd01 waveres Genrc|1:spd:15|2:Tm:7.00|2:Tp:8.385$22.757,22.719,22.591,22.315,21.794,20.950,19.763,18.278,16.593,14.837,13.157,11.690,10.541,9.7640,9.3570,9.2470,9.3060,9.3960,9.4340
178|MEII ldcnd01 waveres Genrc|1:spd:15|2:Tm:7.50|2:Tp:8.984$24.999,24.832,24.337,23.514,22.356,20.875,19.122,17.195,15.220,13.343,11.704,10.414,9.5370,9.0720,8.9610,9.0910,9.3180,9.5080,9.5790
179|MEII ldcnd01 waveres Genrc|1:spd:15|2:Tm:8.00|2:Tp:9.583$25.955,25.686,24.896,23.638,21.976,20.003,17.843,15.638,13.537,11.683,10.192,9.1380,8.5380,8.3470,8.4690,8.7760,9.1220,9.3810,9.4750
180|MEII ldcnd01 waveres Genrc|1:spd:15|2:Tm:8.50|2:Tp:10.18$25.049,24.735,23.818,22.374,20.507,18.357,16.084,13.856,11.823,10.115,8.8260,7.9990,7.6170,7.6120,7.8740,8.2730,8.6760,8.9660,9.0700
181|MEII ldcnd01 waveres Genrc|1:spd:15|2:Tm:9.00|2:Tp:10.78$22.903,22.587,21.667,20.226,18.384,16.292,14.125,12.046,10.203,8.7080,7.6330,6.9990,6.7730,6.8780,7.2060,7.6360,8.0480,8.3390,8.4420
182|MEII ldcnd01 waveres Genrc|1:spd:15|2:Tm:9.50|2:Tp:11.38$20.275,19.981,19.128,17.796,16.101,14.196,12.241,10.393,8.7820,7.5070,6.6220,6.1350,6.0080,6.1650,6.5060,6.9230,7.3120,7.5830,7.6790
183|MEII ldcnd01 waveres Genrc|1:spd:15|2:Tm:10.0|2:Tp:11.97$17.636,17.374,16.615,15.432,13.934,12.257,10.549,8.9480,7.5690,6.4940,5.7670,5.3880,5.3210,5.4930,5.8180,6.2000,6.5500,6.7910,6.8760
184|MEII ldcnd01 waveres Genrc|1:spd:15|2:Tm:10.5|2:Tp:12.57$15.305,15.075,14.408,13.372,12.064,10.605,9.1260,7.7480,6.5680,5.6590,5.0540,4.7510,4.7160,4.8850,5.1800,5.5200,5.8270,6.0370,6.1120
185|MEII ldcnd01 waveres Genrc|1:spd:15|2:Tm:11.0|2:Tp:13.17$13.258,13.058,12.479,11.581,10.451,9.1930,7.9210,6.7380,5.7300,4.9570,4.4470,4.1970,4.1770,4.3300,4.5890,4.8840,5.1490,5.3290,5.3920
186|MEII ldcnd01 waveres Genrc|1:spd:15|2:Tm:11.5|2:Tp:13.77$11.541,11.367,10.865,10.087,9.1090,8.0210,6.9220,5.9010,5.0330,4.3680,3.9320,3.7200,3.7050,3.8400,4.0650,4.3210,4.5480,4.7030,4.7570
187|MEII ldcnd01 waveres Genrc|1:spd:15|2:Tm:12.0|2:Tp:14.37$10.084,9.9330,9.4980,8.8250,7.9770,7.0350,6.0820,5.1960,4.4430,3.8660,3.4860,3.3010,3.2860,3.4010,3.5950,3.8150,4.0120,4.1450,4.1920
188|MEII ldcnd01 waveres Genrc|1:spd:16|2:Tm:4.00|2:Tp:4.791$20.294,20.365,20.542,20.743,20.870,20.834,20.549,19.937,18.958,17.625,16.011,14.224,12.374,10.568,8.9170,7.5260,6.4880,5.8580,5.6480
189|MEII ldcnd01 waveres Genrc|1:spd:16|2:Tm:4.50|2:Tp:5.390$17.812,17.952,18.323,18.799,19.242,19.534,19.573,19.283,18.617,17.577,16.219,14.636,12.939,11.254,9.7100,8.4280,7.4970,6.9500,6.7710
190|MEII ldcnd01 waveres Genrc|1:spd:16|2:Tm:5.00|2:Tp:5.989$16.809,17.011,17.549,18.256,18.933,19.424,19.620,19.441,18.851,17.862,16.535,14.981,13.322,11.703,10.264,9.1260,8.3530,7.9260,7.7920
191|MEII ldcnd01 waveres Genrc|1:spd:16|2:Tm:5.50|2:Tp:6.588$17.240,17.457,18.042,18.805,19.511,19.976,20.093,19.796,19.072,17.957,16.537,14.936,13.295,11.762,10.474,9.5310,8.9500,8.6580,8.5700
192|MEII ldcnd01 waveres Genrc|1:spd:16|2:Tm:6.00|2:Tp:7.187$18.584,18.768,19.264,19.898,20.431,20.676,20.525,19.941,18.944,17.601,16.031,14.372,12.775,11.381,10.303,9.5950,9.2150,9.0490,9.0030
193|MEII ldcnd01 waveres Genrc|1:spd:16|2:Tm:6.50|2:Tp:7.786$20.750,20.853,21.122,21.430,21.579,21.403,20.815,19.809,18.441,16.823,15.094,13.410,11.917,10.733,9.9210,9.4730,9.2930,9.2460,9.2380
194|MEII ldcnd01 waveres Genrc|1:spd:16|2:Tm:7.00|2:Tp:8.385$23.861,23.829,23.719,23.462,22.955,22.105,20.879,19.318,17.521,15.628,13.800,12.188,10.911,10.034,9.5530,9.3940,9.4230,9.4980,9.5310
195|MEII ldcnd01 waveres Genrc|1:spd:16|2:Tm:7.50|2:Tp:8.984$26.465,26.292,25.782,24.931,23.726,22.177,20.330,18.278,16.155,14.117,12.318,10.884,9.8870,9.3330,9.1610,9.2520,9.4560,9.6330,9.7000
196|MEII ldcnd01 waveres Genrc|1:spd:16|2:Tm:8.00|2:Tp:9.583$27.733,27.447,26.607,25.266,23.493,21.389,19.077,16.705,14.429,12.402,10.754,9.5670,8.8640,8.6000,8.6750,8.9510,9.2800,9.5290,9.6200
197|MEII ldcnd01 waveres Genrc|1:spd:16|2:Tm:8.50|2:Tp:10.18$26.913,26.573,25.586,24.030,22.020,19.705,17.254,14.842,12.627,10.753,9.3190,8.3740,7.9060,7.8430,8.0680,8.4440,8.8330,9.1160,9.2170
198|MEII ldcnd01 waveres Genrc|1:spd:16|2:Tm:9.00|2:Tp:10.78$24.671,24.327,23.333,21.774,19.780,17.518,15.172,12.913,10.900,9.2530,8.0500,7.3160,7.0190,7.0780,7.3760,7.7890,8.1900,8.4750,8.5770
199|MEII ldcnd01 waveres Genrc|1:spd:16|2:Tm:9.50|2:Tp:11.38$21.853,21.534,20.610,19.166,17.330,15.267,13.147,11.135,9.3730,7.9640,6.9690,6.3970,6.2110,6.3310,6.6490,7.0530,7.4350,7.7020,7.7970
200|MEII ldcnd01 waveres Genrc|1:spd:16|2:Tm:10.0|2:Tp:11.97$18.997,18.715,17.892,16.610,14.988,13.172,11.319,9.5750,8.0640,6.8740,6.0520,5.6030,5.4860,5.6280,5.9360,6.3090,6.6540,6.8930,6.9780
201|MEII ldcnd01 waveres Genrc|1:spd:16|2:Tm:10.5|2:Tp:12.57$16.474,16.225,15.503,14.381,12.965,11.385,9.7800,8.2770,6.9830,5.9740,5.2890,4.9260,4.8500,4.9950,5.2780,5.6120,5.9170,6.1260,6.2000
202|MEII ldcnd01 waveres Genrc|1:spd:16|2:Tm:11.0|2:Tp:13.17$14.261,14.044,13.417,12.445,11.221,9.8580,8.4750,7.1840,6.0770,5.2180,4.6400,4.3390,4.2850,4.4190,4.6700,4.9620,5.2260,5.4060,5.4700
203|MEII ldcnd01 waveres Genrc|1:spd:16|2:Tm:11.5|2:Tp:13.77$12.406,12.218,11.674,10.831,9.7700,8.5890,7.3940,6.2790,5.3250,4.5860,4.0910,3.8360,3.7940,3.9130,4.1330,4.3870,4.6160,4.7720,4.8260
204|MEII ldcnd01 waveres Genrc|1:spd:16|2:Tm:12.0|2:Tp:14.37$10.834,10.670,10.199,9.4670,8.5470,7.5220,6.4850,5.5170,4.6890,4.0480,3.6180,3.3970,3.3590,3.4630,3.6530,3.8730,4.0720,4.2070,4.2550
205|MEII ldcnd01 waveres Genrc|1:spd:17|2:Tm:4.00|2:Tp:4.791$21.431,21.499,21.667,21.849,21.951,21.885,21.561,20.900,19.872,18.503,16.858,15.045,13.180,11.378,9.7380,8.3650,7.3510,6.7450,6.5550
206|MEII ldcnd01 waveres Genrc|1:spd:17|2:Tm:4.50|2:Tp:5.390$18.656,18.799,19.174,19.656,20.101,20.400,20.452,20.173,19.511,18.468,17.086,15.454,13.685,11.911,10.265,8.8880,7.8860,7.3000,7.1160
207|MEII ldcnd01 waveres Genrc|1:spd:17|2:Tm:5.00|2:Tp:5.989$17.455,17.664,18.225,18.961,19.667,20.194,20.427,20.287,19.726,18.753,17.422,15.831,14.111,12.408,10.873,9.6440,8.8050,8.3420,8.2010
208|MEII ldcnd01 waveres Genrc|1:spd:17|2:Tm:5.50|2:Tp:6.588$17.806,18.037,18.662,19.479,20.240,20.761,20.927,20.666,19.959,18.844,17.399,15.750,14.044,12.436,11.071,10.061,9.4360,9.1220,9.0310
209|MEII ldcnd01 waveres Genrc|1:spd:17|2:Tm:6.00|2:Tp:7.187$19.198,19.400,19.941,20.642,21.243,21.546,21.438,20.872,19.864,18.487,16.855,15.116,13.430,11.948,10.788,10.017,9.5980,9.4130,9.3640
210|MEII ldcnd01 waveres Genrc|1:spd:17|2:Tm:6.50|2:Tp:7.786$21.535,21.653,21.965,22.329,22.533,22.396,21.825,20.804,19.389,17.697,15.872,14.080,12.479,11.197,10.305,9.7980,9.5840,9.5200,9.5090
211|MEII ldcnd01 waveres Genrc|1:spd:17|2:Tm:7.00|2:Tp:8.385$24.945,24.922,24.833,24.604,24.115,23.264,22.013,20.392,18.504,16.499,14.545,12.806,11.412,10.439,9.8860,9.6770,9.6780,9.7390,9.7690
212|MEII ldcnd01 waveres Genrc|1:spd:17|2:Tm:7.50|2:Tp:8.984$27.927,27.752,27.228,26.353,25.108,23.497,21.563,19.396,17.139,14.958,13.016,11.447,10.337,9.6970,9.4630,9.5140,9.6950,9.8620,9.9270
213|MEII ldcnd01 waveres Genrc|1:spd:17|2:Tm:8.00|2:Tp:9.583$29.544,29.239,28.349,26.927,25.047,22.812,20.351,17.815,15.370,13.179,11.380,10.065,9.2600,8.9240,8.9500,9.1940,9.5050,9.7460,9.8360
214|MEII ldcnd01 waveres Genrc|1:spd:17|2:Tm:8.50|2:Tp:10.18$28.837,28.472,27.413,25.743,23.587,21.104,18.474,15.875,13.481,11.441,9.8650,8.8050,8.2510,8.1280,8.3140,8.6660,9.0410,9.3170,9.4170
215|MEII ldcnd01 waveres Genrc|1:spd:17|2:Tm:9.00|2:Tp:10.78$26.516,26.146,25.072,23.389,21.239,18.802,16.270,13.828,11.643,9.8440,8.5150,7.6820,7.3140,7.3250,7.5930,7.9860,8.3770,8.6560,8.7570
216|MEII ldcnd01 waveres Genrc|1:spd:17|2:Tm:9.50|2:Tp:11.38$23.507,23.163,22.163,20.601,18.620,16.391,14.100,11.921,10.004,8.4620,7.3570,6.7030,6.4580,6.5390,6.8340,7.2240,7.5980,7.8610,7.9550
217|MEII ldcnd01 waveres Genrc|1:spd:17|2:Tm:10.0|2:Tp:11.97$20.427,20.121,19.232,17.847,16.094,14.133,12.129,10.239,8.5930,7.2880,6.3740,5.8540,5.6890,5.8010,6.0910,6.4540,6.7940,7.0310,7.1150
218|MEII ldcnd01 waveres Genrc|1:spd:17|2:Tm:10.5|2:Tp:12.57$17.701,17.431,16.652,15.440,13.911,12.204,10.467,8.8370,7.4270,6.3190,5.5550,5.1330,5.0170,5.1370,5.4070,5.7350,6.0370,6.2460,6.3200
219|MEII ldcnd01 waveres Genrc|1:spd:17|2:Tm:11.0|2:Tp:13.17$15.312,15.078,14.401,13.352,12.029,10.556,9.0590,7.6580,6.4510,5.5070,4.8600,4.5100,4.4220,4.5370,4.7780,5.0660,5.3300,5.5110,5.5750
220|MEII ldcnd01 waveres Genrc|1:spd:17|2:Tm:11.5|2:Tp:13.77$13.314,13.110,12.523,11.611,10.464,9.1880,7.8920,6.6820,5.6400,4.8280,4.2750,3.9780,3.9080,4.0120,4.2250,4.4780,4.7070,4.8640,4.9200
221|MEII ldcnd01 waveres Genrc|1:spd:17|2:Tm:12.0|2:Tp:14.37$11.621,11.444,10.934,10.142,9.1460,8.0370,6.9120,5.8610,4.9570,4.2520,3.7720,3.5160,3.4560,3.5470,3.7320,3.9520,4.1520,4.2890,4.3370
222|MEII ldcnd01 waveres Genrc|1:spd:18|2:Tm:4.00|2:Tp:4.791$22.632,22.695,22.851,23.016,23.091,22.993,22.645,21.969,20.931,19.535,17.851,15.983,14.038,12.130,10.375,8.8920,7.7840,7.1100,6.8850
223|MEII ldcnd01 waveres Genrc|1:spd:18|2:Tm:4.50|2:Tp:5.390$19.546,19.690,20.070,20.558,21.009,21.311,21.372,21.108,20.462,19.420,18.025,16.368,14.556,12.717,10.997,9.5480,8.4850,7.8540,7.6470
224|MEII ldcnd01 waveres Genrc|1:spd:18|2:Tm:5.00|2:Tp:5.989$18.131,18.349,18.931,19.697,20.436,20.993,21.257,21.146,20.604,19.622,18.253,16.587,14.757,12.914,11.227,9.8560,8.9020,8.3630,8.1900
225|MEII ldcnd01 waveres Genrc|1:spd:18|2:Tm:5.50|2:Tp:6.588$18.375,18.621,19.285,20.159,20.978,21.552,21.764,21.537,20.846,19.712,18.216,16.475,14.640,12.879,11.354,10.202,9.4670,9.0820,8.9620
226|MEII ldcnd01 waveres Genrc|1:spd:18|2:Tm:6.00|2:Tp:7.187$19.796,20.014,20.607,21.374,22.047,22.410,22.344,21.798,20.783,19.365,17.665,15.830,14.027,12.421,11.145,10.276,9.7880,9.5600,9.4940
227|MEII ldcnd01 waveres Genrc|1:spd:18|2:Tm:6.50|2:Tp:7.786$22.306,22.440,22.796,23.221,23.486,23.393,22.837,21.802,20.340,18.569,16.641,14.731,13.005,11.605,10.614,10.033,9.7690,9.6760,9.6530
228|MEII ldcnd01 waveres Genrc|1:spd:18|2:Tm:7.00|2:Tp:8.385$26.024,26.009,25.945,25.750,25.288,24.443,23.163,21.481,19.500,17.375,15.287,13.409,11.884,10.798,10.158,9.8890,9.8500,9.8890,9.9110
229|MEII ldcnd01 waveres Genrc|1:spd:18|2:Tm:7.50|2:Tp:8.984$29.413,29.233,28.701,27.806,26.528,24.857,22.833,20.551,18.153,15.819,13.720,12.005,10.767,10.025,9.7170,9.7190,9.8700,10.018,10.076
230|MEII ldcnd01 waveres Genrc|1:spd:18|2:Tm:8.00|2:Tp:9.583$31.423,31.101,30.160,28.658,26.670,24.302,21.684,18.978,16.353,13.986,12.023,10.566,9.6470,9.2240,9.1910,9.3960,9.6820,9.9090,9.9930
231|MEII ldcnd01 waveres Genrc|1:spd:18|2:Tm:8.50|2:Tp:10.18$30.870,30.479,29.344,27.556,25.247,22.587,19.764,16.968,14.381,12.163,10.430,9.2430,8.5900,8.3970,8.5370,8.8580,9.2140,9.4780,9.5730
232|MEII ldcnd01 waveres Genrc|1:spd:18|2:Tm:9.00|2:Tp:10.78$28.495,28.094,26.936,25.121,22.802,20.174,17.441,14.802,12.430,10.465,8.9970,8.0550,7.6060,7.5600,7.7920,8.1620,8.5380,8.8080,8.9050
233|MEII ldcnd01 waveres Genrc|1:spd:18|2:Tm:9.50|2:Tp:11.38$25.298,24.924,23.843,22.155,20.011,17.601,15.123,12.760,10.675,8.9860,7.7620,7.0150,6.7040,6.7400,7.0070,7.3800,7.7420,7.9990,8.0910
234|MEII ldcnd01 waveres Genrc|1:spd:18|2:Tm:10.0|2:Tp:11.97$21.981,21.649,20.686,19.188,17.292,15.171,13.001,10.949,9.1570,7.7260,6.7100,6.1130,5.8930,5.9690,6.2370,6.5880,6.9210,7.1540,7.2360
235|MEII ldcnd01 waveres Genrc|1:spd:18|2:Tm:10.5|2:Tp:12.57$19.035,18.743,17.900,16.591,14.937,13.091,11.209,9.4390,7.9020,6.6860,5.8350,5.3480,5.1860,5.2770,5.5310,5.8500,6.1480,6.3550,6.4280
236|MEII ldcnd01 waveres Genrc|1:spd:18|2:Tm:11.0|2:Tp:13.17$16.454,16.201,15.470,14.335,12.905,11.311,9.6890,8.1670,6.8510,5.8140,5.0940,4.6890,4.5630,4.6540,4.8830,5.1660,5.4280,5.6080,5.6710
237|MEII ldcnd01 waveres Genrc|1:spd:18|2:Tm:11.5|2:Tp:13.77$14.298,14.078,13.443,12.457,11.217,9.8350,8.4310,7.1160,5.9800,5.0880,4.4710,4.1280,4.0260,4.1120,4.3150,4.5640,4.7930,4.9500,5.0050
238|MEII ldcnd01 waveres Genrc|1:spd:18|2:Tm:12.0|2:Tp:14.37$12.475,12.283,11.731,10.874,9.7960,8.5950,7.3750,6.2320,5.2460,4.4720,3.9380,3.6420,3.5560,3.6320,3.8100,4.0280,4.2290,4.3660,4.4140
239|MEII ldcnd01 waveres Genrc|1:spd:19|2:Tm:4.00|2:Tp:4.791$23.849,23.908,24.051,24.195,24.243,24.118,23.738,23.021,21.920,20.445,18.669,16.701,14.658,12.651,10.794,9.2140,8.0310,7.3080,7.0660
240|MEII ldcnd01 waveres Genrc|1:spd:19|2:Tm:4.50|2:Tp:5.390$20.444,20.589,20.973,21.464,21.917,22.226,22.292,22.014,21.320,20.202,18.711,16.944,15.020,13.068,11.228,9.6640,8.5090,7.8180,7.5910
241|MEII ldcnd01 waveres Genrc|1:spd:19|2:Tm:5.00|2:Tp:5.989$18.808,19.032,19.632,20.422,21.188,21.774,22.065,21.961,21.392,20.348,18.882,17.101,15.138,13.149,11.308,9.7940,8.7250,8.1130,7.9160
242|MEII ldcnd01 waveres Genrc|1:spd:19|2:Tm:5.50|2:Tp:6.588$18.929,19.188,19.888,20.811,21.684,22.308,22.552,22.336,21.618,20.420,18.823,16.962,14.993,13.088,11.423,10.147,9.3170,8.8740,8.7360
243|MEII ldcnd01 waveres Genrc|1:spd:19|2:Tm:6.00|2:Tp:7.187$20.365,20.601,21.240,22.075,22.816,23.235,23.201,22.653,21.597,20.101,18.294,16.334,14.404,12.672,11.286,10.331,9.7810,9.5180,9.4400
244|MEII ldcnd01 waveres Genrc|1:spd:19|2:Tm:6.50|2:Tp:7.786$23.045,23.194,23.594,24.082,24.408,24.358,23.816,22.754,21.226,19.354,17.299,15.254,13.395,11.875,10.788,10.137,9.8270,9.7080,9.6780
245|MEII ldcnd01 waveres Genrc|1:spd:19|2:Tm:7.00|2:Tp:8.385$27.063,27.058,27.021,26.863,26.431,25.596,24.292,22.546,20.462,18.207,15.969,13.941,12.278,11.077,10.350,10.022,9.9460,9.9650,9.9790
246|MEII ldcnd01 waveres Genrc|1:spd:19|2:Tm:7.50|2:Tp:8.984$30.868,30.688,30.148,29.239,27.930,26.205,24.098,21.698,19.156,16.657,14.391,12.520,11.148,10.301,9.9200,9.8730,9.9920,10.123,10.176
247|MEII ldcnd01 waveres Genrc|1:spd:19|2:Tm:8.00|2:Tp:9.583$33.300,32.963,31.974,30.393,28.299,25.802,23.032,20.150,17.339,14.784,12.647,11.038,9.9980,9.4870,9.3920,9.5590,9.8190,10.032,10.111
248|MEII ldcnd01 waveres Genrc|1:spd:19|2:Tm:8.50|2:Tp:10.18$32.938,32.521,31.309,29.402,26.938,24.101,21.080,18.080,15.289,12.880,10.979,9.6540,8.8980,8.6320,8.7240,9.0150,9.3520,9.6050,9.6970
249|MEII ldcnd01 waveres Genrc|1:spd:19|2:Tm:9.00|2:Tp:10.78$30.539,30.108,28.861,26.908,24.416,21.591,18.648,15.797,13.226,11.082,9.4630,8.4020,7.8660,7.7630,7.9580,8.3060,8.6680,8.9310,9.0250
250|MEII ldcnd01 waveres Genrc|1:spd:19|2:Tm:9.50|2:Tp:11.38$27.163,26.760,25.591,23.768,21.458,18.858,16.179,13.622,11.355,9.5070,8.1520,7.3050,6.9230,6.9120,7.1520,7.5080,7.8610,8.1130,8.2030
251|MEII ldcnd01 waveres Genrc|1:spd:19|2:Tm:10.0|2:Tp:11.97$23.604,23.245,22.205,20.587,18.542,16.250,13.904,11.681,9.7310,8.1630,7.0360,6.3560,6.0770,6.1160,6.3630,6.7020,7.0290,7.2580,7.3400
252|MEII ldcnd01 waveres Genrc|1:spd:19|2:Tm:10.5|2:Tp:12.57$20.431,20.115,19.205,17.791,16.007,14.013,11.978,10.059,8.3870,7.0540,6.1090,5.5520,5.3410,5.4030,5.6400,5.9510,6.2450,6.4500,6.5230
253|MEII ldcnd01 waveres Genrc|1:spd:19|2:Tm:11.0|2:Tp:13.17$17.646,17.374,16.584,15.361,13.818,12.097,10.344,8.6940,7.2610,6.1240,5.3240,4.8600,4.6940,4.7610,4.9770,5.2550,5.5150,5.6940,5.7570
254|MEII ldcnd01 waveres Genrc|1:spd:19|2:Tm:11.5|2:Tp:13.77$15.326,15.088,14.403,13.340,12.001,10.510,8.9910,7.5650,6.3290,5.3510,4.6660,4.2720,4.1370,4.2030,4.3970,4.6430,4.8710,5.0280,5.0840
255|MEII ldcnd01 waveres Genrc|1:spd:19|2:Tm:12.0|2:Tp:14.37$13.365,13.159,12.562,11.638,10.474,9.1770,7.8570,6.6180,5.5440,4.6970,4.1040,3.7650,3.6510,3.7110,3.8820,4.0980,4.2990,4.4370,4.4850
256|MEII ldcnd01 waveres Genrc|1:spd:20|2:Tm:4.00|2:Tp:4.791$25.104,25.158,25.287,25.409,25.437,25.302,24.923,24.212,23.125,21.667,19.907,17.947,15.899,13.879,11.999,10.387,9.1710,8.4270,8.1780
257|MEII ldcnd01 waveres Genrc|1:spd:20|2:Tm:4.50|2:Tp:5.390$21.368,21.514,21.898,22.389,22.853,23.188,23.296,23.076,22.457,21.417,20.000,18.288,16.393,14.448,12.598,11.008,9.8250,9.1170,8.8830
258|MEII ldcnd01 waveres Genrc|1:spd:20|2:Tm:5.00|2:Tp:5.989$19.497,19.726,20.337,21.143,21.937,22.565,22.910,22.868,22.372,21.396,19.987,18.240,16.284,14.279,12.406,10.849,9.7390,9.1010,8.8950
259|MEII ldcnd01 waveres Genrc|1:spd:20|2:Tm:5.50|2:Tp:6.588$19.490,19.760,20.490,21.455,22.382,23.063,23.365,23.198,22.524,21.347,19.740,17.827,15.765,13.740,11.945,10.545,9.6130,9.1060,8.9460
260|MEII ldcnd01 waveres Genrc|1:spd:20|2:Tm:6.00|2:Tp:7.187$20.938,21.190,21.874,22.770,23.580,24.063,24.080,23.563,22.520,21.009,19.143,17.082,15.007,13.109,11.557,10.453,9.7890,9.4550,9.3530
261|MEII ldcnd01 waveres Genrc|1:spd:20|2:Tm:6.50|2:Tp:7.786$23.778,23.943,24.386,24.933,25.322,25.326,24.813,23.756,22.209,20.291,18.162,16.011,14.029,12.381,11.177,10.430,10.051,9.8900,9.8460
262|MEII ldcnd01 waveres Genrc|1:spd:20|2:Tm:7.00|2:Tp:8.385$28.089,28.094,28.086,27.964,27.568,26.753,25.441,23.660,21.514,19.174,16.832,14.687,12.903,11.592,10.775,10.378,10.255,10.246,10.251
263|MEII ldcnd01 waveres Genrc|1:spd:20|2:Tm:7.50|2:Tp:8.984$32.323,32.139,31.594,30.673,29.339,27.570,25.393,22.896,20.240,17.614,15.216,13.214,11.721,10.773,10.314,10.210,10.291,10.400,10.445
264|MEII ldcnd01 waveres Genrc|1:spd:20|2:Tm:8.00|2:Tp:9.583$35.209,34.853,33.814,32.155,29.959,27.337,24.421,21.379,18.402,15.685,13.396,11.652,10.499,9.8990,9.7410,9.8620,10.091,10.285,10.358
265|MEII ldcnd01 waveres Genrc|1:spd:20|2:Tm:8.50|2:Tp:10.18$35.076,34.632,33.340,31.308,28.687,25.667,22.452,19.250,16.268,13.684,11.631,10.179,9.3220,8.9830,9.0250,9.2810,9.5930,9.8320,9.9190
266|MEII ldcnd01 waveres Genrc|1:spd:20|2:Tm:9.00|2:Tp:10.78$32.682,32.220,30.879,28.780,26.105,23.073,19.915,16.851,14.086,11.772,10.011,8.8390,8.2190,8.0560,8.2130,8.5350,8.8790,9.1320,9.2230
267|MEII ldcnd01 waveres Genrc|1:spd:20|2:Tm:9.50|2:Tp:11.38$29.136,28.700,27.440,25.474,22.983,20.181,17.296,14.538,12.091,10.090,8.6120,7.6700,7.2180,7.1600,7.3690,7.7070,8.0470,8.2910,8.3790
268|MEII ldcnd01 waveres Genrc|1:spd:20|2:Tm:10.0|2:Tp:11.97$25.327,24.940,23.816,22.070,19.863,17.392,14.861,12.461,10.354,8.6540,7.4220,6.6620,6.3260,6.3270,6.5500,6.8750,7.1930,7.4170,7.4970
269|MEII ldcnd01 waveres Genrc|1:spd:20|2:Tm:10.5|2:Tp:12.57$21.915,21.575,20.591,19.065,17.139,14.989,12.794,10.722,8.9140,7.4690,6.4340,5.8100,5.5530,5.5840,5.8020,6.1030,6.3900,6.5910,6.6630
270|MEII ldcnd01 waveres Genrc|1:spd:20|2:Tm:11.0|2:Tp:13.17$18.917,18.622,17.771,16.450,14.786,12.930,11.039,9.2580,7.7080,6.4750,5.5990,5.0790,4.8740,4.9160,5.1180,5.3870,5.6430,5.8200,5.8820
271|MEII ldcnd01 waveres Genrc|1:spd:20|2:Tm:11.5|2:Tp:13.77$16.420,16.164,15.424,14.277,12.834,11.225,9.5870,8.0470,6.7100,5.6490,4.8990,4.4580,4.2910,4.3360,4.5190,4.7590,4.9840,5.1400,5.1950
272|MEII ldcnd01 waveres Genrc|1:spd:20|2:Tm:12.0|2:Tp:14.37$14.313,14.090,13.447,12.449,11.193,9.7940,8.3700,7.0320,5.8720,4.9520,4.3040,3.9240,3.7820,3.8260,3.9880,4.2000,4.3990,4.5360,4.5840
273|MEII ldcnd01 waveres Genrc|1:spd:21|2:Tm:4.00|2:Tp:4.791$26.423,26.469,26.584,26.681,26.694,26.563,26.211,25.552,24.525,23.125,21.408,19.466,17.407,15.337,13.378,11.672,10.371,9.5720,9.3050
274|MEII ldcnd01 waveres Genrc|1:spd:21|2:Tm:4.50|2:Tp:5.390$22.336,22.481,22.863,23.353,23.826,24.186,24.323,24.117,23.489,22.421,20.955,19.179,17.214,15.193,13.258,11.573,10.305,9.5400,9.2880
275|MEII ldcnd01 waveres Genrc|1:spd:21|2:Tm:5.00|2:Tp:5.989$20.212,20.441,21.058,21.872,22.688,23.362,23.761,23.757,23.271,22.285,20.851,19.075,17.096,15.071,13.165,11.556,10.394,9.7210,9.5030
276|MEII ldcnd01 waveres Genrc|1:spd:21|2:Tm:5.50|2:Tp:6.588$20.063,20.341,21.094,22.094,23.069,23.816,24.191,24.084,23.438,22.260,20.625,18.667,16.552,14.462,12.586,11.096,10.086,9.5280,9.3520
277|MEII ldcnd01 waveres Genrc|1:spd:21|2:Tm:6.00|2:Tp:7.187$21.513,21.778,22.504,23.455,24.333,24.888,24.966,24.492,23.454,21.908,19.973,17.818,15.631,13.610,11.931,10.708,9.9490,9.5560,9.4350
278|MEII ldcnd01 waveres Genrc|1:spd:21|2:Tm:6.50|2:Tp:7.786$24.495,24.674,25.160,25.766,26.219,26.282,25.812,24.768,23.202,21.229,19.018,16.768,14.678,12.924,11.621,10.791,10.349,10.152,10.096
279|MEII ldcnd01 waveres Genrc|1:spd:21|2:Tm:7.00|2:Tp:8.385$29.084,29.100,29.121,29.040,28.684,27.900,26.596,24.788,22.583,20.150,17.701,15.440,13.547,12.138,11.241,10.782,10.615,10.581,10.578
280|MEII ldcnd01 waveres Genrc|1:spd:21|2:Tm:7.50|2:Tp:8.984$33.757,33.575,33.026,32.096,30.743,28.941,26.702,24.120,21.348,18.587,16.049,13.915,12.308,11.269,10.741,10.588,10.634,10.723,10.762
281|MEII ldcnd01 waveres Genrc|1:spd:21|2:Tm:8.00|2:Tp:9.583$37.136,36.764,35.678,33.943,31.648,28.903,25.847,22.645,19.497,16.606,14.155,12.271,11.008,10.328,10.115,10.197,10.400,10.579,10.647
282|MEII ldcnd01 waveres Genrc|1:spd:21|2:Tm:8.50|2:Tp:10.18$37.284,36.812,35.438,33.278,30.497,27.294,23.879,20.473,17.287,14.512,12.294,10.709,9.7540,9.3490,9.3470,9.5750,9.8680,10.096,10.180
283|MEII ldcnd01 waveres Genrc|1:spd:21|2:Tm:9.00|2:Tp:10.78$34.942,34.445,33.004,30.750,27.884,24.636,21.250,17.966,14.989,12.489,10.575,9.2850,8.5830,8.3670,8.4910,8.7920,9.1230,9.3680,9.4570
284|MEII ldcnd01 waveres Genrc|1:spd:21|2:Tm:9.50|2:Tp:11.38$31.237,30.767,29.407,27.287,24.603,21.587,18.482,15.511,12.870,10.701,9.0870,8.0450,7.5260,7.4260,7.6100,7.9330,8.2640,8.5030,8.5890
285|MEII ldcnd01 waveres Genrc|1:spd:21|2:Tm:10.0|2:Tp:11.97$27.173,26.753,25.540,23.653,21.271,18.608,15.880,13.291,11.013,9.1690,7.8230,6.9790,6.5880,6.5560,6.7600,7.0750,7.3860,7.6070,7.6860
286|MEII ldcnd01 waveres Genrc|1:spd:21|2:Tm:10.5|2:Tp:12.57$23.506,23.139,22.077,20.427,18.351,16.032,13.664,11.429,9.4740,7.9050,6.7730,6.0800,5.7770,5.7810,5.9850,6.2790,6.5620,6.7620,6.8330
287|MEII ldcnd01 waveres Genrc|1:spd:21|2:Tm:11.0|2:Tp:13.17$20.280,19.961,19.042,17.615,15.821,13.820,11.781,9.8590,8.1840,6.8450,5.8870,5.3080,5.0660,5.0860,5.2770,5.5420,5.7950,5.9710,6.0340
288|MEII ldcnd01 waveres Genrc|1:spd:21|2:Tm:11.5|2:Tp:13.77$17.594,17.316,16.518,15.281,13.724,11.990,10.224,8.5620,7.1170,5.9650,5.1450,4.6550,4.4550,4.4830,4.6570,4.8940,5.1190,5.2750,5.3300
289|MEII ldcnd01 waveres Genrc|1:spd:21|2:Tm:12.0|2:Tp:14.37$15.331,15.090,14.395,13.318,11.964,10.455,8.9200,7.4760,6.2220,5.2240,4.5150,4.0930,3.9240,3.9530,4.1090,4.3190,4.5180,4.6550,4.7040
290|MEII ldcnd01 waveres Genrc|1:spd:22|2:Tm:4.00|2:Tp:4.791$27.754,27.796,27.893,27.966,27.951,27.783,27.375,26.653,25.558,24.082,22.285,20.266,18.129,15.985,13.969,12.218,10.878,10.052,9.7740
291|MEII ldcnd01 waveres Genrc|1:spd:22|2:Tm:4.50|2:Tp:5.390$23.312,23.455,23.834,24.320,24.791,25.135,25.229,24.959,24.252,23.090,21.521,19.646,17.587,15.487,13.495,11.770,10.467,9.6800,9.4190
292|MEII ldcnd01 waveres Genrc|1:spd:22|2:Tm:5.00|2:Tp:5.989$20.924,21.155,21.771,22.587,23.417,24.120,24.554,24.587,24.132,23.164,21.726,19.923,17.889,15.790,13.795,12.091,10.841,10.108,9.8710
293|MEII ldcnd01 waveres Genrc|1:spd:22|2:Tm:5.50|2:Tp:6.588$20.622,20.907,21.677,22.702,23.716,24.520,24.961,24.922,24.334,23.195,21.569,19.582,17.398,15.209,13.214,11.599,10.478,9.8500,9.6480
294|MEII ldcnd01 waveres Genrc|1:spd:22|2:Tm:6.00|2:Tp:7.187$22.061,22.340,23.099,24.101,25.037,25.655,25.792,25.365,24.357,22.813,20.841,18.601,16.288,14.110,12.265,10.886,10.001,9.5290,9.3800
295|MEII ldcnd01 waveres Genrc|1:spd:22|2:Tm:6.50|2:Tp:7.786$25.174,25.368,25.893,26.554,27.068,27.184,26.752,25.726,24.155,22.143,19.850,17.465,15.195,13.236,11.729,10.717,10.132,9.8450,9.7580
296|MEII ldcnd01 waveres Genrc|1:spd:22|2:Tm:7.00|2:Tp:8.385$30.030,30.056,30.108,30.068,29.754,28.997,27.697,25.865,23.610,21.100,18.537,16.131,14.069,12.486,11.428,10.832,10.561,10.462,10.437
297|MEII ldcnd01 waveres Genrc|1:spd:22|2:Tm:7.50|2:Tp:8.984$35.139,34.956,34.407,33.472,32.105,30.268,27.972,25.302,22.424,19.539,16.862,14.580,12.826,11.652,11.011,10.767,10.747,10.795,10.820
298|MEII ldcnd01 waveres Genrc|1:spd:22|2:Tm:8.00|2:Tp:9.583$39.018,38.631,37.500,35.694,33.305,30.443,27.246,23.886,20.572,17.514,14.901,12.867,11.469,10.678,10.378,10.395,10.550,10.700,10.758
299|MEII ldcnd01 waveres Genrc|1:spd:22|2:Tm:8.50|2:Tp:10.18$39.484,38.984,37.529,35.244,32.304,28.917,25.301,21.688,18.299,15.339,12.954,11.226,10.153,9.6540,9.5830,9.7590,10.014,10.219,10.295
300|MEII ldcnd01 waveres Genrc|1:spd:22|2:Tm:9.00|2:Tp:10.78$37.233,36.701,35.158,32.749,29.684,26.216,22.600,19.087,15.900,13.215,11.145,9.7270,8.9240,8.6320,8.7000,8.9600,9.2610,9.4880,9.5700
301|MEII ldcnd01 waveres Genrc|1:spd:22|2:Tm:9.50|2:Tp:11.38$33.389,32.884,31.421,29.142,26.259,23.023,19.688,16.497,13.659,11.322,9.5710,8.4210,7.8170,7.6560,7.7950,8.0850,8.3930,8.6170,8.6990
302|MEII ldcnd01 waveres Genrc|1:spd:22|2:Tm:10.0|2:Tp:11.97$29.072,28.620,27.313,25.281,22.719,19.854,16.919,14.135,11.684,9.6940,8.2310,7.2970,6.8370,6.7540,6.9230,7.2120,7.5050,7.7140,7.7900
303|MEII ldcnd01 waveres Genrc|1:spd:22|2:Tm:10.5|2:Tp:12.57$25.148,24.752,23.608,21.830,19.594,17.100,14.553,12.148,10.043,8.3490,7.1190,6.3500,5.9900,5.9520,6.1280,6.4010,6.6710,6.8610,6.9290
304|MEII ldcnd01 waveres Genrc|1:spd:22|2:Tm:11.0|2:Tp:13.17$21.684,21.343,20.351,18.816,16.885,14.733,12.539,10.471,8.6680,7.2230,6.1810,5.5380,5.2480,5.2340,5.4020,5.6510,5.8930,6.0620,6.1230
305|MEII ldcnd01 waveres Genrc|1:spd:22|2:Tm:11.5|2:Tp:13.77$18.805,18.507,17.646,16.315,14.640,12.775,10.875,9.0880,7.5320,6.2890,5.3970,4.8520,4.6130,4.6120,4.7670,4.9910,5.2070,5.3580,5.4110
306|MEII ldcnd01 waveres Genrc|1:spd:22|2:Tm:12.0|2:Tp:14.37$16.379,16.121,15.373,14.214,12.757,11.134,9.4830,7.9300,6.5790,5.5030,4.7320,4.2630,4.0610,4.0660,4.2060,4.4060,4.5970,4.7310,4.7780
307|MEII ldcnd01 waveres Genrc|1:spd:23|2:Tm:4.00|2:Tp:4.791$29.152,29.187,29.267,29.316,29.275,29.083,28.642,27.868,26.704,25.143,23.252,21.134,18.899,16.667,14.567,12.734,11.322,10.447,10.150
308|MEII ldcnd01 waveres Genrc|1:spd:23|2:Tm:4.50|2:Tp:5.390$24.332,24.475,24.851,25.334,25.809,26.163,26.260,25.976,25.237,24.028,22.400,20.459,18.332,16.169,14.117,12.330,10.971,10.144,9.8680
309|MEII ldcnd01 waveres Genrc|1:spd:23|2:Tm:5.00|2:Tp:5.989$21.664,21.893,22.509,23.325,24.164,24.882,25.320,25.330,24.832,23.806,22.308,20.445,18.368,16.243,14.234,12.511,11.238,10.489,10.245
310|MEII ldcnd01 waveres Genrc|1:spd:23|2:Tm:5.50|2:Tp:6.588$21.180,21.469,22.252,23.295,24.337,25.179,25.648,25.607,24.985,23.788,22.100,20.063,17.855,15.665,13.677,12.061,10.936,10.304,10.102
311|MEII ldcnd01 waveres Genrc|1:spd:23|2:Tm:6.00|2:Tp:7.187$22.583,22.872,23.663,24.707,25.695,26.371,26.556,26.150,25.122,23.528,21.495,19.204,16.860,14.671,12.819,11.432,10.541,10.066,9.9170
312|MEII ldcnd01 waveres Genrc|1:spd:23|2:Tm:6.50|2:Tp:7.786$25.818,26.027,26.590,27.304,27.875,28.046,27.648,26.627,25.024,22.955,20.591,18.139,15.816,13.820,12.290,11.265,10.676,10.389,10.302
313|MEII ldcnd01 waveres Genrc|1:spd:23|2:Tm:7.00|2:Tp:8.385$30.941,30.980,31.063,31.066,30.797,30.069,28.770,26.903,24.580,21.976,19.309,16.804,14.661,13.022,11.932,11.323,11.049,10.951,10.927
314|MEII ldcnd01 waveres Genrc|1:spd:23|2:Tm:7.50|2:Tp:8.984$36.502,36.320,35.773,34.838,33.459,31.593,29.233,26.468,23.462,20.437,17.618,15.211,13.361,12.125,11.452,11.198,11.177,11.227,11.252
315|MEII ldcnd01 waveres Genrc|1:spd:23|2:Tm:8.00|2:Tp:9.583$40.918,40.516,39.342,37.466,34.985,32.005,28.663,25.135,21.635,18.392,15.609,13.437,11.941,11.092,10.766,10.777,10.934,11.086,11.146
316|MEII ldcnd01 waveres Genrc|1:spd:23|2:Tm:8.50|2:Tp:10.18$41.750,41.222,39.687,37.272,34.168,30.591,26.764,22.930,19.320,16.155,13.594,11.731,10.567,10.020,9.9300,10.104,10.363,10.571,10.649
317|MEII ldcnd01 waveres Genrc|1:spd:23|2:Tm:9.00|2:Tp:10.78$39.638,39.069,37.419,34.846,31.575,27.871,24.009,20.249,16.830,13.942,11.706,10.167,9.2870,8.9560,9.0120,9.2730,9.5780,9.8090,9.8930
318|MEII ldcnd01 waveres Genrc|1:spd:23|2:Tm:9.50|2:Tp:11.38$35.678,35.133,33.560,31.111,28.014,24.540,20.959,17.531,14.473,11.949,10.052,8.7970,8.1310,7.9390,8.0710,8.3640,8.6780,8.9070,8.9900
319|MEII ldcnd01 waveres Genrc|1:spd:23|2:Tm:10.0|2:Tp:11.97$31.105,30.618,29.208,27.020,24.261,21.177,18.020,15.021,12.376,10.224,8.6360,7.6150,7.1050,6.9990,7.1640,7.4580,7.7580,7.9730,8.0500
320|MEII ldcnd01 waveres Genrc|1:spd:23|2:Tm:10.5|2:Tp:12.57$26.910,26.483,25.250,23.334,20.926,18.239,15.496,12.903,10.631,8.7980,7.4620,6.6210,6.2200,6.1650,6.3380,6.6170,6.8950,7.0910,7.1610
321|MEII ldcnd01 waveres Genrc|1:spd:23|2:Tm:11.0|2:Tp:13.17$23.195,22.825,21.757,20.104,18.024,15.706,13.344,11.115,9.1690,7.6060,6.4740,5.7710,5.4460,5.4190,5.5860,5.8410,6.0900,6.2660,6.3280
322|MEII ldcnd01 waveres Genrc|1:spd:23|2:Tm:11.5|2:Tp:13.77$20.104,19.783,18.857,17.423,15.620,13.612,11.567,9.6410,7.9620,6.6180,5.6500,5.0530,4.7840,4.7730,4.9290,5.1590,5.3820,5.5380,5.5930
323|MEII ldcnd01 waveres Genrc|1:spd:23|2:Tm:12.0|2:Tp:14.37$17.506,17.226,16.421,15.173,13.604,11.858,10.081,8.4080,6.9510,5.7870,4.9500,4.4370,4.2100,4.2070,4.3480,4.5540,4.7520,4.8900,4.9390
324|MEII ldcnd01 waveres Genrc|1:spd:24|2:Tm:4.00|2:Tp:4.791$30.563,30.591,30.655,30.681,30.614,30.389,29.920,29.125,27.941,26.357,24.431,22.270,19.978,17.671,15.490,13.586,12.113,11.196,10.883
325|MEII ldcnd01 waveres Genrc|1:spd:24|2:Tm:4.50|2:Tp:5.390$25.363,25.504,25.881,26.365,26.844,27.208,27.340,27.132,26.497,25.403,23.884,22.024,19.940,17.771,15.686,13.865,12.472,11.622,11.337
326|MEII ldcnd01 waveres Genrc|1:spd:24|2:Tm:5.00|2:Tp:5.989$22.408,22.639,23.256,24.077,24.923,25.646,26.101,26.157,25.726,24.781,23.362,21.565,19.528,17.416,15.406,13.684,12.412,11.662,11.417
327|MEII ldcnd01 waveres Genrc|1:spd:24|2:Tm:5.50|2:Tp:6.588$21.719,22.014,22.808,23.868,24.930,25.787,26.278,26.271,25.697,24.556,22.926,20.934,18.761,16.591,14.620,13.022,11.913,11.291,11.092
328|MEII ldcnd01 waveres Genrc|1:spd:24|2:Tm:6.00|2:Tp:7.187$23.063,23.362,24.179,25.261,26.291,27.007,27.238,26.882,25.910,24.368,22.372,20.097,17.746,15.527,13.638,12.219,11.304,10.817,10.663
329|MEII ldcnd01 waveres Genrc|1:spd:24|2:Tm:6.50|2:Tp:7.786$26.400,26.622,27.223,27.988,28.615,28.833,28.474,27.489,25.909,23.839,21.441,18.923,16.500,14.378,12.718,11.582,10.909,10.571,10.466
330|MEII ldcnd01 waveres Genrc|1:spd:24|2:Tm:7.00|2:Tp:8.385$31.768,31.819,31.936,31.987,31.764,31.066,29.781,27.910,25.562,22.907,20.160,17.542,15.264,13.474,12.242,11.516,11.157,11.006,10.964
331|MEII ldcnd01 waveres Genrc|1:spd:24|2:Tm:7.50|2:Tp:8.984$37.766,37.588,37.048,36.118,34.738,32.847,30.441,27.608,24.518,21.392,18.457,15.918,13.930,12.559,11.770,11.426,11.342,11.353,11.365
332|MEII ldcnd01 waveres Genrc|1:spd:24|2:Tm:8.00|2:Tp:9.583$42.722,42.307,41.097,39.161,36.598,33.512,30.041,26.368,22.719,19.327,16.399,14.088,12.466,11.510,11.099,11.049,11.165,11.292,11.342
333|MEII ldcnd01 waveres Genrc|1:spd:24|2:Tm:8.50|2:Tp:10.18$43.959,43.403,41.791,39.256,35.997,32.235,28.209,24.173,20.370,17.025,14.309,12.311,11.038,10.405,10.252,10.384,10.614,10.805,10.876
334|MEII ldcnd01 waveres Genrc|1:spd:24|2:Tm:9.00|2:Tp:10.78$42.035,41.431,39.675,36.938,33.462,29.525,25.420,21.426,17.794,14.720,12.332,10.671,9.6990,9.2990,9.3060,9.5350,9.8200,10.037,10.116
335|MEII ldcnd01 waveres Genrc|1:spd:24|2:Tm:9.50|2:Tp:11.38$37.990,37.408,35.722,33.101,29.789,26.072,22.243,18.582,15.318,12.621,10.586,9.2270,8.4840,8.2370,8.3300,8.5990,8.8970,9.1160,9.1950
336|MEII ldcnd01 waveres Genrc|1:spd:24|2:Tm:10.0|2:Tp:11.97$33.175,32.653,31.139,28.791,25.830,22.523,19.138,15.926,13.096,10.793,9.0860,7.9780,7.4040,7.2530,7.3880,7.6630,7.9510,8.1590,8.2340
337|MEII ldcnd01 waveres Genrc|1:spd:24|2:Tm:10.5|2:Tp:12.57$28.712,28.254,26.927,24.872,22.285,19.399,16.455,13.677,11.244,9.2800,7.8440,6.9280,6.4740,6.3830,6.5320,6.7970,7.0650,7.2560,7.3240
338|MEII ldcnd01 waveres Genrc|1:spd:24|2:Tm:11.0|2:Tp:13.17$24.739,24.341,23.195,21.419,19.186,16.698,14.163,11.775,9.6910,8.0170,6.8000,6.0340,5.6650,5.6070,5.7540,5.9980,6.2410,6.4120,6.4730
339|MEII ldcnd01 waveres Genrc|1:spd:24|2:Tm:11.5|2:Tp:13.77$21.431,21.087,20.093,18.554,16.618,14.464,12.271,10.208,8.4110,6.9710,5.9300,5.2800,4.9740,4.9370,5.0760,5.2970,5.5150,5.6680,5.7220
340|MEII ldcnd01 waveres Genrc|1:spd:24|2:Tm:12.0|2:Tp:14.37$18.655,18.356,17.490,16.152,14.469,12.596,10.690,8.8990,7.3390,6.0920,5.1930,4.6340,4.3750,4.3500,4.4780,4.6760,4.8700,5.0050,5.0530
341|MEII ldcnd01 waveres Genrc|1:spd:25|2:Tm:4.00|2:Tp:4.791$32.042,32.066,32.111,32.116,32.035,31.825,31.415,30.715,29.639,28.156,26.309,24.187,21.882,19.504,17.202,15.154,13.554,12.549,12.206
342|MEII ldcnd01 waveres Genrc|1:spd:25|2:Tm:4.50|2:Tp:5.390$26.444,26.586,26.962,27.451,27.948,28.350,28.530,28.372,27.775,26.694,25.156,23.246,21.077,18.790,16.566,14.596,13.072,12.134,11.819
343|MEII ldcnd01 waveres Genrc|1:spd:25|2:Tm:5.00|2:Tp:5.989$23.188,23.422,24.045,24.877,25.745,26.496,26.973,27.034,26.583,25.589,24.094,22.202,20.054,17.822,15.690,13.849,12.472,11.651,11.382
344|MEII ldcnd01 waveres Genrc|1:spd:25|2:Tm:5.50|2:Tp:6.588$22.273,22.570,23.377,24.454,25.542,26.434,26.948,26.931,26.305,25.073,23.319,21.186,18.862,16.545,14.425,12.682,11.451,10.749,10.523
345|MEII ldcnd01 waveres Genrc|1:spd:25|2:Tm:6.00|2:Tp:7.187$23.534,23.843,24.684,25.799,26.872,27.641,27.907,27.540,26.495,24.823,22.655,20.177,17.615,15.190,13.092,11.472,10.393,9.8010,9.6110
346|MEII ldcnd01 waveres Genrc|1:spd:25|2:Tm:6.50|2:Tp:7.786$26.965,27.201,27.837,28.657,29.344,29.621,29.304,28.313,26.663,24.459,21.874,19.128,16.458,14.081,12.166,10.793,9.9320,9.4740,9.3280
347|MEII ldcnd01 waveres Genrc|1:spd:25|2:Tm:7.00|2:Tp:8.385$32.567,32.631,32.784,32.888,32.722,32.070,30.806,28.910,26.480,23.684,20.742,17.886,15.342,13.281,11.782,10.819,10.272,10.001,9.9180
348|MEII ldcnd01 waveres Genrc|1:spd:25|2:Tm:7.50|2:Tp:8.984$39.002,38.827,38.299,37.384,36.014,34.115,31.672,28.760,25.546,22.250,19.108,16.333,14.092,12.472,11.449,10.902,10.658,10.568,10.545
349|MEII ldcnd01 waveres Genrc|1:spd:25|2:Tm:8.00|2:Tp:9.583$44.520,44.095,42.851,40.865,38.229,35.049,31.457,27.632,23.799,20.201,17.052,14.516,12.676,11.520,10.933,10.733,10.732,10.784,10.809
350|MEII ldcnd01 waveres Genrc|1:spd:25|2:Tm:8.50|2:Tp:10.18$46.209,45.627,43.938,41.285,37.873,33.935,29.712,25.458,21.429,17.855,14.916,12.711,11.254,10.462,10.174,10.193,10.336,10.471,10.523
351|MEII ldcnd01 waveres Genrc|1:spd:25|2:Tm:9.00|2:Tp:10.78$44.526,43.882,42.020,39.116,35.429,31.256,26.900,22.653,18.774,15.468,12.869,11.025,9.8960,9.3670,9.2650,9.4040,9.6190,9.7910,9.8550
352|MEII ldcnd01 waveres Genrc|1:spd:25|2:Tm:9.50|2:Tp:11.38$40.421,39.799,37.994,35.193,31.657,27.690,23.603,19.686,16.181,13.270,11.047,9.5300,8.6550,8.3020,8.3070,8.5030,8.7440,8.9270,8.9930
353|MEII ldcnd01 waveres Genrc|1:spd:25|2:Tm:10.0|2:Tp:11.97$35.372,34.811,33.186,30.667,27.495,23.952,20.326,16.881,13.836,11.343,9.4760,8.2340,7.5520,7.3140,7.3760,7.5920,7.8350,8.0140,8.0780
354|MEII ldcnd01 waveres Genrc|1:spd:25|2:Tm:10.5|2:Tp:12.57$30.632,30.139,28.714,26.506,23.730,20.635,17.478,14.495,11.875,9.7480,8.1750,7.1470,6.6030,6.4390,6.5290,6.7450,6.9770,7.1440,7.2040
355|MEII ldcnd01 waveres Genrc|1:spd:25|2:Tm:11.0|2:Tp:13.17$26.382,25.957,24.726,22.819,20.423,17.754,15.037,12.473,10.229,8.4160,7.0830,6.2220,5.7780,5.6590,5.7570,5.9600,6.1720,6.3240,6.3780
356|MEII ldcnd01 waveres Genrc|1:spd:25|2:Tm:11.5|2:Tp:13.77$22.846,22.476,21.409,19.757,17.681,15.373,13.023,10.808,8.8740,7.3160,6.1750,5.4440,5.0740,4.9850,5.0830,5.2700,5.4620,5.5980,5.6460
357|MEII ldcnd01 waveres Genrc|1:spd:25|2:Tm:12.0|2:Tp:14.37$19.878,19.556,18.629,17.193,15.390,13.383,11.341,9.4180,7.7400,6.3910,5.4060,4.7780,4.4640,4.3940,4.4860,4.6550,4.8270,4.9490,4.9930
358|MEII ldcnd01 waveres Genrc|1:spd:26|2:Tm:4.00|2:Tp:4.791$33.535,33.551,33.578,33.561,33.424,33.089,32.473,31.497,30.106,28.301,26.162,23.806,21.351,18.923,16.658,14.709,13.212,12.275,11.959
359|MEII ldcnd01 waveres Genrc|1:spd:26|2:Tm:4.50|2:Tp:5.390$27.535,27.680,28.058,28.552,29.052,29.431,29.554,29.312,28.618,27.440,25.813,23.829,21.610,19.306,17.104,15.178,13.695,12.782,12.479
360|MEII ldcnd01 waveres Genrc|1:spd:26|2:Tm:5.00|2:Tp:5.989$23.983,24.221,24.851,25.698,26.580,27.329,27.795,27.855,27.424,26.468,25.023,23.184,21.090,18.913,16.849,15.086,13.778,13.002,12.752
361|MEII ldcnd01 waveres Genrc|1:spd:26|2:Tm:5.50|2:Tp:6.588$22.839,23.143,23.962,25.061,26.170,27.075,27.601,27.618,27.063,25.931,24.296,22.290,20.084,17.882,15.886,14.268,13.142,12.511,12.312
362|MEII ldcnd01 waveres Genrc|1:spd:26|2:Tm:6.00|2:Tp:7.187$24.004,24.323,25.190,26.341,27.454,28.254,28.551,28.230,27.261,25.686,23.634,21.288,18.858,16.566,14.615,13.140,12.183,11.673,11.514
363|MEII ldcnd01 waveres Genrc|1:spd:26|2:Tm:6.50|2:Tp:7.786$27.500,27.750,28.424,29.298,30.042,30.367,30.087,29.134,27.521,25.354,22.812,20.124,17.521,15.221,13.394,12.116,11.341,10.941,10.817
364|MEII ldcnd01 waveres Genrc|1:spd:26|2:Tm:7.00|2:Tp:8.385$33.305,33.382,33.576,33.736,33.629,33.021,31.780,29.893,27.448,24.613,21.614,18.698,16.091,13.965,12.416,11.424,10.863,10.585,10.500
365|MEII ldcnd01 waveres Genrc|1:spd:26|2:Tm:7.50|2:Tp:8.984$40.162,39.993,39.481,38.589,37.235,35.332,32.859,29.896,26.610,23.212,19.945,17.034,14.648,12.882,11.731,11.083,10.767,10.630,10.592
366|MEII ldcnd01 waveres Genrc|1:spd:26|2:Tm:8.00|2:Tp:9.583$46.243,45.810,44.539,42.508,39.812,36.546,32.842,28.892,24.921,21.174,17.870,15.176,13.180,11.876,11.162,10.864,10.789,10.795,10.804
367|MEII ldcnd01 waveres Genrc|1:spd:26|2:Tm:8.50|2:Tp:10.18$48.410,47.804,46.042,43.277,39.722,35.612,31.200,26.752,22.534,18.783,15.678,13.323,11.730,10.819,10.435,10.381,10.471,10.572,10.612
368|MEII ldcnd01 waveres Genrc|1:spd:26|2:Tm:9.00|2:Tp:10.78$47.000,46.320,44.352,41.284,37.391,32.985,28.385,23.900,19.802,16.306,13.546,11.569,10.333,9.7180,9.5530,9.6460,9.8280,9.9800,10.037
369|MEII ldcnd01 waveres Genrc|1:spd:26|2:Tm:9.50|2:Tp:11.38$42.866,42.202,40.283,37.301,33.539,29.320,24.975,20.813,17.094,13.999,11.630,10.000,9.0420,8.6250,8.5860,8.7520,8.9730,9.1430,9.2060
370|MEII ldcnd01 waveres Genrc|1:spd:26|2:Tm:10.0|2:Tp:11.97$37.601,37.000,35.264,32.573,29.184,25.402,21.532,17.862,14.620,11.964,9.9710,8.6350,7.8840,7.5970,7.6260,7.8200,8.0490,8.2190,8.2810
371|MEII ldcnd01 waveres Genrc|1:spd:26|2:Tm:10.5|2:Tp:12.57$32.589,32.062,30.537,28.174,25.204,21.895,18.521,15.337,12.545,10.278,8.5970,7.4900,6.8890,6.6840,6.7470,6.9460,7.1660,7.3270,7.3850
372|MEII ldcnd01 waveres Genrc|1:spd:26|2:Tm:11.0|2:Tp:13.17$28.063,27.608,26.290,24.250,21.687,18.834,15.929,13.194,10.802,8.8690,7.4450,6.5170,6.0250,5.8710,5.9460,6.1350,6.3380,6.4840,6.5360
373|MEII ldcnd01 waveres Genrc|1:spd:26|2:Tm:11.5|2:Tp:13.77$24.290,23.895,22.753,20.987,18.768,16.301,13.790,11.428,9.3670,7.7070,6.4880,5.7000,5.2880,5.1700,5.2480,5.4230,5.6070,5.7380,5.7850
374|MEII ldcnd01 waveres Genrc|1:spd:26|2:Tm:12.0|2:Tp:14.37$21.127,20.784,19.792,18.257,16.330,14.185,12.005,9.9550,8.1680,6.7300,5.6780,5.0000,4.6510,4.5560,4.6310,4.7890,4.9540,5.0720,5.1140
375|MEII ldcnd01 waveres Genrc|1:spd:27|2:Tm:4.00|2:Tp:4.791$35.098,35.108,35.118,35.075,34.907,34.521,33.832,32.756,31.243,29.309,27.048,24.587,22.056,19.584,17.302,15.350,13.853,12.914,12.593
376|MEII ldcnd01 waveres Genrc|1:spd:27|2:Tm:4.50|2:Tp:5.390$28.683,28.827,29.209,29.714,30.231,30.618,30.718,30.410,29.608,28.287,26.500,24.360,22.004,19.590,17.302,15.305,13.761,12.805,12.485
377|MEII ldcnd01 waveres Genrc|1:spd:27|2:Tm:5.00|2:Tp:5.989$24.823,25.063,25.707,26.573,27.480,28.226,28.618,28.535,27.899,26.701,25.007,22.941,20.667,18.375,16.263,14.484,13.160,12.374,12.118
378|MEII ldcnd01 waveres Genrc|1:spd:27|2:Tm:5.50|2:Tp:6.588$23.441,23.752,24.590,25.715,26.858,27.775,28.257,28.171,27.461,26.143,24.316,22.131,19.785,17.493,15.461,13.833,12.699,12.061,11.859
379|MEII ldcnd01 waveres Genrc|1:spd:27|2:Tm:6.00|2:Tp:7.187$24.486,24.815,25.711,26.905,28.068,28.912,29.226,28.889,27.871,26.228,24.096,21.666,19.167,16.830,14.852,13.363,12.396,11.880,11.719
380|MEII ldcnd01 waveres Genrc|1:spd:27|2:Tm:6.50|2:Tp:7.786$28.006,28.270,28.987,29.919,30.731,31.115,30.875,29.926,28.285,26.068,23.462,20.702,18.038,15.693,13.838,12.547,11.764,11.361,11.236
381|MEII ldcnd01 waveres Genrc|1:spd:27|2:Tm:7.00|2:Tp:8.385$33.983,34.077,34.314,34.540,34.506,33.957,32.743,30.834,28.306,25.341,22.179,19.083,16.302,14.020,12.335,11.232,10.586,10.255,10.152
382|MEII ldcnd01 waveres Genrc|1:spd:27|2:Tm:7.50|2:Tp:8.984$41.249,41.089,40.599,39.741,38.421,36.533,34.037,30.999,27.566,23.972,20.466,17.294,14.650,12.641,11.269,10.434,9.9710,9.7400,9.6690
383|MEII ldcnd01 waveres Genrc|1:spd:27|2:Tm:8.00|2:Tp:9.583$47.904,47.464,46.174,44.113,41.372,38.036,34.231,30.135,25.974,21.997,18.437,15.468,13.198,11.634,10.684,10.184,9.9500,9.8530,9.8270
384|MEII ldcnd01 waveres Genrc|1:spd:27|2:Tm:8.50|2:Tp:10.18$50.594,49.965,48.134,45.268,41.580,37.310,32.710,28.051,23.600,19.606,16.252,13.647,11.815,10.684,10.105,9.8860,9.8450,9.8620,9.8730
385|MEII ldcnd01 waveres Genrc|1:spd:27|2:Tm:9.00|2:Tp:10.78$49.515,48.799,46.726,43.497,39.402,34.763,29.912,25.167,20.811,17.068,14.078,11.891,10.468,9.6920,9.3900,9.3700,9.4630,9.5580,9.5950
386|MEII ldcnd01 waveres Genrc|1:spd:27|2:Tm:9.50|2:Tp:11.38$45.394,44.688,42.650,39.485,35.493,31.017,26.402,21.973,17.997,14.671,12.098,10.293,9.1880,8.6510,8.5130,8.6000,8.7590,8.8900,8.9390
387|MEII ldcnd01 waveres Genrc|1:spd:27|2:Tm:10.0|2:Tp:11.97$39.931,39.292,37.438,34.568,30.957,26.924,22.798,18.877,15.402,12.541,10.372,8.8890,8.0190,7.6350,7.5860,7.7180,7.8990,8.0380,8.0890
388|MEII ldcnd01 waveres Genrc|1:spd:27|2:Tm:10.5|2:Tp:12.57$34.651,34.087,32.456,29.931,26.759,23.225,19.621,16.214,13.217,10.772,8.9410,7.7100,7.0080,6.7230,6.7200,6.8660,7.0470,7.1820,7.2310
389|MEII ldcnd01 waveres Genrc|1:spd:27|2:Tm:11.0|2:Tp:13.17$29.837,29.350,27.941,25.760,23.023,19.975,16.871,13.944,11.377,9.2930,7.7410,6.7080,6.1290,5.9080,5.9260,6.0700,6.2390,6.3630,6.4080
390|MEII ldcnd01 waveres Genrc|1:spd:27|2:Tm:11.5|2:Tp:13.77$25.815,25.393,24.173,22.285,19.917,17.282,14.600,12.074,9.8630,8.0720,6.7440,5.8660,5.3810,5.2040,5.2340,5.3700,5.5240,5.6370,5.6780
391|MEII ldcnd01 waveres Genrc|1:spd:27|2:Tm:12.0|2:Tp:14.37$22.445,22.077,21.018,19.379,17.322,15.034,12.706,10.514,8.5980,7.0480,5.9020,5.1460,4.7330,4.5870,4.6210,4.7460,4.8850,4.9870,5.0230
392|MEII ldcnd01 waveres Genrc|1:spd:28|2:Tm:4.00|2:Tp:4.791$36.672,36.674,36.668,36.632,36.497,36.143,35.467,34.386,32.841,30.851,28.514,25.965,23.343,20.778,18.415,16.392,14.815,13.803,13.453
393|MEII ldcnd01 waveres Genrc|1:spd:28|2:Tm:4.50|2:Tp:5.390$29.839,29.986,30.374,30.908,31.483,31.933,32.082,31.798,30.983,29.615,27.752,25.511,23.044,20.513,18.110,16.006,14.356,13.318,12.967
394|MEII ldcnd01 waveres Genrc|1:spd:28|2:Tm:5.00|2:Tp:5.989$25.673,25.919,26.577,27.478,28.447,29.267,29.730,29.695,29.080,27.867,26.124,23.980,21.605,19.195,16.959,15.057,13.617,12.746,12.460
395|MEII ldcnd01 waveres Genrc|1:spd:28|2:Tm:5.50|2:Tp:6.588$24.052,24.372,25.231,26.396,27.603,28.594,29.148,29.113,28.423,27.091,25.212,22.948,20.503,18.098,15.943,14.191,12.945,12.230,12.001
396|MEII ldcnd01 waveres Genrc|1:spd:28|2:Tm:6.00|2:Tp:7.187$24.959,25.301,26.226,27.473,28.707,29.634,30.018,29.714,28.677,26.966,24.725,22.158,19.507,17.014,14.879,13.235,12.136,11.530,11.338
397|MEII ldcnd01 waveres Genrc|1:spd:28|2:Tm:6.50|2:Tp:7.786$28.469,28.750,29.507,30.506,31.403,31.875,31.698,30.750,29.040,26.688,23.899,20.927,18.046,15.496,13.446,11.971,11.036,10.533,10.373
398|MEII ldcnd01 waveres Genrc|1:spd:28|2:Tm:7.00|2:Tp:8.385$34.591,34.702,34.987,35.285,35.339,34.876,33.719,31.806,29.209,26.110,22.766,19.459,16.459,13.968,12.088,10.808,10.019,9.5940,9.4590
399|MEII ldcnd01 waveres Genrc|1:spd:28|2:Tm:7.50|2:Tp:8.984$42.245,42.096,41.636,40.820,39.550,37.703,35.221,32.143,28.615,24.864,21.158,17.761,14.884,12.645,11.059,10.035,9.4200,9.0900,8.9850
400|MEII ldcnd01 waveres Genrc|1:spd:28|2:Tm:8.00|2:Tp:9.583$49.470,49.026,47.723,45.644,42.875,39.499,35.622,31.414,27.091,22.900,19.091,15.861,13.327,11.505,10.313,9.6000,9.1950,8.9860,8.9200
401|MEII ldcnd01 waveres Genrc|1:spd:28|2:Tm:8.50|2:Tp:10.18$52.702,52.051,50.162,47.202,43.397,38.988,34.228,29.379,24.712,20.469,16.853,13.992,11.914,10.551,9.7580,9.3510,9.1600,9.0770,9.0550
402|MEII ldcnd01 waveres Genrc|1:spd:28|2:Tm:9.00|2:Tp:10.78$51.993,51.243,49.068,45.685,41.396,36.540,31.455,26.468,21.861,17.865,14.632,12.225,10.605,9.6530,9.1950,9.0400,9.0260,9.0500,9.0630
403|MEII ldcnd01 waveres Genrc|1:spd:28|2:Tm:9.50|2:Tp:11.38$47.918,47.174,45.016,41.671,37.456,32.730,27.856,23.167,18.941,15.379,12.592,10.603,9.3420,8.6720,8.4200,8.4090,8.4900,8.5700,8.6010
404|MEII ldcnd01 waveres Genrc|1:spd:28|2:Tm:10.0|2:Tp:11.97$42.287,41.606,39.637,36.587,32.752,28.475,24.096,19.929,16.224,13.152,10.798,9.1620,8.1640,7.6730,7.5330,7.5870,7.7060,7.8050,7.8420
405|MEII ldcnd01 waveres Genrc|1:spd:28|2:Tm:10.5|2:Tp:12.57$36.748,36.146,34.409,31.719,28.343,24.584,20.750,17.124,13.923,11.296,9.3070,7.9460,7.1370,6.7610,6.6820,6.7630,6.8910,6.9930,7.0300
406|MEII ldcnd01 waveres Genrc|1:spd:28|2:Tm:11.0|2:Tp:13.17$31.646,31.127,29.624,27.301,24.386,21.143,17.841,14.724,11.982,9.7410,8.0550,6.9110,6.2420,5.9430,5.8970,5.9850,6.1090,6.2050,6.2400
407|MEII ldcnd01 waveres Genrc|1:spd:28|2:Tm:11.5|2:Tp:13.77$27.371,26.921,25.621,23.611,21.090,18.287,15.435,12.745,10.384,8.4590,7.0160,6.0430,5.4800,5.2380,5.2110,5.2990,5.4160,5.5040,5.5360
408|MEII ldcnd01 waveres Genrc|1:spd:28|2:Tm:12.0|2:Tp:14.37$23.788,23.398,22.268,20.524,18.334,15.902,13.428,11.095,9.0490,7.3840,6.1380,5.3010,4.8210,4.6190,4.6040,4.6870,4.7940,4.8750,4.9040
