#pds_CompDrive_inv_RouteOpt.bash_MEII_ldcnd01_WindS_R_x_MinSpd5_MaxSpd28_MinTm4-MaxTm13 exp4 gam2 Hs1 DeltaSpd1 DeltaDm10 DeltaTm0.5
$1:spd:24|min:5|max:28|delta:1|0
$2:Tm:19|min:0|max:0|delta:0|0
$2:Tp:19|min:4|max:13|delta:0.5|0
$3:Dm:19|min:0|max:180|delta:10|1
1|MEII ldcnd01 waveres WindS|1:spd:5|2:Tm:3.222|2:Tp:4.00$10.716,10.885,11.351,12.006,12.694,13.257,13.568,13.551,13.177,12.456,11.432,10.174,8.7770,7.3560,6.0260,4.8870,4.0190,3.4740,3.2850
2|MEII ldcnd01 waveres WindS|1:spd:5|2:Tm:3.625|2:Tp:4.50$10.641,10.843,11.403,12.186,13.003,13.661,14.013,13.978,13.548,12.769,11.725,10.509,9.2170,7.9350,6.7430,5.7180,4.9250,4.4190,4.2420
3|MEII ldcnd01 waveres WindS|1:spd:5|2:Tm:4.028|2:Tp:5.00$10.934,11.218,11.994,13.048,14.092,14.856,15.157,14.931,14.230,13.192,11.976,10.719,9.5040,8.3710,7.3400,6.4450,5.7380,5.2750,5.1110
4|MEII ldcnd01 waveres WindS|1:spd:5|2:Tm:4.431|2:Tp:5.50$11.453,11.819,12.803,14.102,15.323,16.113,16.264,15.743,14.686,13.332,11.924,10.633,9.5240,8.5730,7.7300,6.9840,6.3710,5.9550,5.8050
5|MEII ldcnd01 waveres WindS|1:spd:5|2:Tm:4.834|2:Tp:6.00$11.620,11.958,12.864,14.049,15.135,15.785,15.801,15.170,14.052,12.703,11.377,10.239,9.3320,8.5980,7.9550,7.3620,6.8440,6.4770,6.3420
6|MEII ldcnd01 waveres WindS|1:spd:5|2:Tm:5.236|2:Tp:6.50$11.905,12.199,12.981,13.983,14.857,15.294,15.124,14.360,13.183,11.862,10.648,9.6920,9.0060,8.5010,8.0610,7.6210,7.2020,6.8860,6.7660
7|MEII ldcnd01 waveres WindS|1:spd:5|2:Tm:5.639|2:Tp:7.00$12.214,12.482,13.182,14.046,14.732,14.948,14.555,13.604,12.312,10.974,9.8460,9.0610,8.5950,8.3180,8.0780,7.7890,7.4670,7.2040,7.1010
8|MEII ldcnd01 waveres WindS|1:spd:5|2:Tm:6.042|2:Tp:7.50$12.428,12.669,13.289,14.014,14.506,14.495,13.874,12.738,11.342,10.003,8.9760,8.3700,8.1260,8.0730,8.0290,7.8920,7.6750,7.4720,7.3890
9|MEII ldcnd01 waveres WindS|1:spd:5|2:Tm:6.445|2:Tp:8.00$12.800,12.995,13.480,13.994,14.226,13.943,13.082,11.776,10.306,8.9940,8.0830,7.6550,7.6200,7.7820,7.9380,7.9740,7.8890,7.7710,7.7170
10|MEII ldcnd01 waveres WindS|1:spd:5|2:Tm:6.848|2:Tp:8.50$13.231,13.363,13.669,13.921,13.856,13.290,12.206,10.768,9.2630,8.0040,7.2110,6.9410,7.0850,7.4350,7.7780,7.9880,8.0500,8.0300,8.0110
11|MEII ldcnd01 waveres WindS|1:spd:5|2:Tm:7.251|2:Tp:9.00$13.478,13.542,13.660,13.650,13.304,12.496,11.248,9.7400,8.2520,7.0710,6.3910,6.2480,6.5250,7.0150,7.5070,7.8670,8.0630,8.1360,8.1510
12|MEII ldcnd01 waveres WindS|1:spd:5|2:Tm:7.653|2:Tp:9.50$13.425,13.429,13.384,13.151,12.582,11.599,10.258,8.7410,7.3110,6.2250,5.6480,5.6010,5.9680,6.5500,7.1450,7.6160,7.9160,8.0660,8.1080
13|MEII ldcnd01 waveres WindS|1:spd:5|2:Tm:8.056|2:Tp:10.0$13.018,12.978,12.816,12.430,11.717,10.642,9.2790,7.8070,6.4670,5.4830,4.9970,5.0180,5.4360,6.0660,6.7160,7.2530,7.6190,7.8200,7.8810
14|MEII ldcnd01 waveres WindS|1:spd:5|2:Tm:8.459|2:Tp:10.5$12.339,12.271,12.035,11.559,10.776,9.6780,8.3500,6.9600,5.7270,4.8470,4.4400,4.5080,4.9470,5.5880,6.2550,6.8180,7.2170,7.4450,7.5170
15|MEII ldcnd01 waveres WindS|1:spd:5|2:Tm:8.862|2:Tp:11.0$11.510,11.426,11.152,10.635,9.8350,8.7610,7.5020,6.2160,5.0960,4.3170,3.9760,4.0750,4.5150,5.1430,5.7980,6.3590,6.7640,7.0010,7.0770
16|MEII ldcnd01 waveres WindS|1:spd:5|2:Tm:9.265|2:Tp:11.5$10.609,10.518,10.230,9.7070,8.9260,7.9090,6.7410,5.5700,4.5660,3.8810,3.5990,3.7170,4.1450,4.7420,5.3650,5.9020,6.2940,6.5250,6.6000
17|MEII ldcnd01 waveres WindS|1:spd:5|2:Tm:9.668|2:Tp:12.0$9.7180,9.6270,9.3400,8.8320,8.0910,7.1460,6.0790,5.0240,4.1320,3.5360,3.3070,3.4380,3.8470,4.4060,4.9850,5.4840,5.8490,6.0640,6.1340
18|MEII ldcnd01 waveres WindS|1:spd:5|2:Tm:10.07|2:Tp:12.5$8.8710,8.7820,8.5070,8.0280,7.3400,6.4750,5.5120,4.5710,3.7870,3.2740,3.0930,3.2340,3.6200,4.1350,4.6640,5.1150,5.4430,5.6360,5.6990
19|MEII ldcnd01 waveres WindS|1:spd:5|2:Tm:10.47|2:Tp:13.0$8.0850,8.0010,7.7440,7.3020,6.6740,5.8940,5.0340,4.2010,3.5150,3.0750,2.9340,3.0770,3.4350,3.9040,4.3780,4.7790,5.0660,5.2330,5.2870
20|MEII ldcnd01 waveres WindS|1:spd:6|2:Tm:3.222|2:Tp:4.00$11.705,11.853,12.264,12.839,13.436,13.903,14.111,13.972,13.450,12.558,11.348,9.9110,8.3710,6.8620,5.5050,4.3910,3.5730,3.0760,2.9100
21|MEII ldcnd01 waveres WindS|1:spd:6|2:Tm:3.625|2:Tp:4.50$11.216,11.360,11.766,12.353,12.994,13.540,13.853,13.836,13.442,12.684,11.617,10.337,8.9590,7.6010,6.3670,5.3320,4.5510,4.0630,3.8980
22|MEII ldcnd01 waveres WindS|1:spd:6|2:Tm:4.028|2:Tp:5.00$10.959,11.113,11.549,12.186,12.888,13.493,13.848,13.852,13.472,12.740,11.738,10.570,9.3460,8.1600,7.0810,6.1610,5.4460,4.9860,4.8270
23|MEII ldcnd01 waveres WindS|1:spd:6|2:Tm:4.431|2:Tp:5.50$11.062,11.234,11.717,12.409,13.147,13.741,14.030,13.925,13.429,12.618,11.611,10.528,9.4630,8.4690,7.5720,6.7900,6.1580,5.7360,5.5860
24|MEII ldcnd01 waveres WindS|1:spd:6|2:Tm:4.834|2:Tp:6.00$11.517,11.711,12.246,12.982,13.711,14.215,14.328,13.997,13.279,12.315,11.264,10.258,9.3610,8.5760,7.8760,7.2420,6.6990,6.3200,6.1820
25|MEII ldcnd01 waveres WindS|1:spd:6|2:Tm:5.236|2:Tp:6.50$12.039,12.241,12.786,13.501,14.148,14.493,14.383,13.802,12.865,11.766,10.702,9.8010,9.0960,8.5360,8.0420,7.5630,7.1170,6.7860,6.6620
26|MEII ldcnd01 waveres WindS|1:spd:6|2:Tm:5.639|2:Tp:7.00$12.440,12.639,13.164,13.818,14.338,14.488,14.138,13.315,12.189,11.001,9.9680,9.2100,8.7180,8.3910,8.1040,7.7800,7.4330,7.1540,7.0470
27|MEII ldcnd01 waveres WindS|1:spd:6|2:Tm:6.042|2:Tp:7.50$12.766,12.954,13.434,13.990,14.346,14.270,13.667,12.613,11.329,10.090,9.1250,8.5320,8.2620,8.1690,8.0870,7.9210,7.6810,7.4640,7.3760
28|MEII ldcnd01 waveres WindS|1:spd:6|2:Tm:6.445|2:Tp:8.00$13.271,13.421,13.790,14.160,14.268,13.913,13.040,11.771,10.365,9.1140,8.2390,7.8150,7.7590,7.8900,8.0180,8.0300,7.9270,7.7960,7.7380
29|MEII ldcnd01 waveres WindS|1:spd:6|2:Tm:6.848|2:Tp:8.50$13.824,13.917,14.121,14.242,14.055,13.404,12.281,10.843,9.3650,8.1380,7.3640,7.0930,7.2220,7.5490,7.8720,8.0650,8.1120,8.0820,8.0600
30|MEII ldcnd01 waveres WindS|1:spd:6|2:Tm:7.251|2:Tp:9.00$14.166,14.194,14.218,14.081,13.611,12.705,11.397,9.8630,8.3760,7.2070,6.5350,6.3900,6.6560,7.1310,7.6100,7.9590,8.1440,8.2100,8.2230
31|MEII ldcnd01 waveres WindS|1:spd:6|2:Tm:7.653|2:Tp:9.50$14.171,14.141,14.005,13.649,12.953,11.865,10.448,8.8890,7.4440,6.3570,5.7810,5.7320,6.0910,6.6640,7.2520,7.7170,8.0100,8.1550,8.1960
32|MEII ldcnd01 waveres WindS|1:spd:6|2:Tm:8.056|2:Tp:10.0$13.779,13.707,13.458,12.953,12.116,10.932,9.4870,7.9640,6.5990,5.6070,5.1180,5.1380,5.5510,6.1750,6.8220,7.3570,7.7200,7.9180,7.9790
33|MEII ldcnd01 waveres WindS|1:spd:6|2:Tm:8.459|2:Tp:10.5$13.080,12.982,12.666,12.078,11.175,9.9700,8.5580,7.1150,5.8530,4.9610,4.5510,4.6170,5.0540,5.6930,6.3590,6.9230,7.3210,7.5470,7.6190
34|MEII ldcnd01 waveres WindS|1:spd:6|2:Tm:8.862|2:Tp:11.0$12.210,12.099,11.750,11.129,10.216,9.0400,7.7010,6.3610,5.2120,4.4200,4.0770,4.1750,4.6160,5.2440,5.9000,6.4620,6.8680,7.1030,7.1790
35|MEII ldcnd01 waveres WindS|1:spd:6|2:Tm:9.265|2:Tp:11.5$11.256,11.141,10.784,10.166,9.2800,8.1670,6.9240,5.7010,4.6690,3.9730,3.6900,3.8100,4.2390,4.8390,5.4630,6.0020,6.3940,6.6240,6.6990
36|MEII ldcnd01 waveres WindS|1:spd:6|2:Tm:9.668|2:Tp:12.0$10.311,10.196,9.8470,9.2510,8.4140,7.3790,6.2420,5.1390,4.2220,3.6170,3.3890,3.5230,3.9340,4.4950,5.0760,5.5750,5.9390,6.1540,6.2240
37|MEII ldcnd01 waveres WindS|1:spd:6|2:Tm:10.07|2:Tp:12.5$9.4100,9.3000,8.9670,8.4060,7.6290,6.6810,5.6530,4.6680,3.8620,3.3430,3.1640,3.3090,3.6970,4.2130,4.7400,5.1900,5.5160,5.7070,5.7690
38|MEII ldcnd01 waveres WindS|1:spd:6|2:Tm:10.47|2:Tp:13.0$8.5710,8.4680,8.1580,7.6390,6.9280,6.0710,5.1500,4.2780,3.5730,3.1310,2.9930,3.1410,3.5000,3.9670,4.4370,4.8340,5.1170,5.2820,5.3350
39|MEII ldcnd01 waveres WindS|1:spd:7|2:Tm:3.222|2:Tp:4.00$12.895,13.042,13.445,13.998,14.550,14.947,15.062,14.816,14.182,13.173,11.838,10.271,8.6000,6.9730,5.5250,4.3510,3.5020,2.9920,2.8180
40|MEII ldcnd01 waveres WindS|1:spd:7|2:Tm:3.625|2:Tp:4.50$12.226,12.371,12.777,13.353,13.962,14.450,14.683,14.570,14.074,13.209,12.033,10.639,9.1480,7.6830,6.3590,5.2570,4.4340,3.9230,3.7470
41|MEII ldcnd01 waveres WindS|1:spd:7|2:Tm:4.028|2:Tp:5.00$11.886,12.047,12.499,13.145,13.835,14.397,14.678,14.585,14.097,13.255,12.142,10.867,9.5380,8.2520,7.0870,6.0990,5.3360,4.8480,4.6760
42|MEII ldcnd01 waveres WindS|1:spd:7|2:Tm:4.431|2:Tp:5.50$12.051,12.238,12.756,13.483,14.233,14.798,15.011,14.795,14.166,13.219,12.080,10.873,9.6920,8.5950,7.6100,6.7590,6.0770,5.6240,5.4630
43|MEII ldcnd01 waveres WindS|1:spd:7|2:Tm:4.834|2:Tp:6.00$12.679,12.892,13.472,14.250,14.990,15.447,15.454,14.972,14.086,12.957,11.759,10.622,9.6100,8.7260,7.9430,7.2430,6.6520,6.2420,6.0930
44|MEII ldcnd01 waveres WindS|1:spd:7|2:Tm:5.236|2:Tp:6.50$13.136,13.360,13.958,14.729,15.402,15.715,15.509,14.782,13.675,12.409,11.195,10.166,9.3520,8.7030,8.1350,7.5960,7.1050,6.7460,6.6110
45|MEII ldcnd01 waveres WindS|1:spd:7|2:Tm:5.639|2:Tp:7.00$13.401,13.625,14.211,14.934,15.499,15.638,15.213,14.262,12.977,11.626,10.446,9.5630,8.9720,8.5670,8.2180,7.8430,7.4560,7.1520,7.0340
46|MEII ldcnd01 waveres WindS|1:spd:7|2:Tm:6.042|2:Tp:7.50$13.713,13.926,14.468,15.094,15.492,15.404,14.723,13.535,12.087,10.683,9.5720,8.8630,8.5060,8.3480,8.2160,8.0080,7.7350,7.4950,7.3990
47|MEII ldcnd01 waveres WindS|1:spd:7|2:Tm:6.445|2:Tp:8.00$14.274,14.447,14.868,15.294,15.427,15.040,14.071,12.656,11.078,9.6610,8.6460,8.1170,7.9880,8.0670,8.1570,8.1360,8.0060,7.8560,7.7900
48|MEII ldcnd01 waveres WindS|1:spd:7|2:Tm:6.848|2:Tp:8.50$14.892,15.002,15.243,15.398,15.211,14.505,13.267,11.672,10.020,8.6310,7.7270,7.3650,7.4330,7.7220,8.0170,8.1860,8.2120,8.1660,8.1380
49|MEII ldcnd01 waveres WindS|1:spd:7|2:Tm:7.251|2:Tp:9.00$15.279,15.317,15.361,15.233,14.737,13.754,12.317,10.622,8.9660,7.6450,6.8560,6.6320,6.8500,7.2980,7.7580,8.0910,8.2610,8.3160,8.3230
50|MEII ldcnd01 waveres WindS|1:spd:7|2:Tm:7.653|2:Tp:9.50$15.297,15.271,15.138,14.769,14.025,12.843,11.292,9.5730,7.9680,6.7420,6.0630,5.9470,6.2700,6.8240,7.4010,7.8570,8.1410,8.2770,8.3150
51|MEII ldcnd01 waveres WindS|1:spd:7|2:Tm:8.056|2:Tp:10.0$14.878,14.805,14.547,14.013,13.113,11.828,10.249,8.5740,7.0600,5.9440,5.3660,5.3300,5.7150,6.3280,6.9710,7.5010,7.8600,8.0520,8.1110
52|MEII ldcnd01 waveres WindS|1:spd:7|2:Tm:8.459|2:Tp:10.5$14.121,14.018,13.685,13.059,12.087,10.779,9.2380,7.6530,6.2570,5.2560,4.7680,4.7900,5.2070,5.8400,6.5070,7.0700,7.4670,7.6900,7.7610
53|MEII ldcnd01 waveres WindS|1:spd:7|2:Tm:8.862|2:Tp:11.0$13.176,13.058,12.688,12.023,11.039,9.7630,8.3020,6.8330,5.5650,4.6780,4.2690,4.3330,4.7600,5.3880,6.0490,6.6150,7.0220,7.2570,7.3330
54|MEII ldcnd01 waveres WindS|1:spd:7|2:Tm:9.265|2:Tp:11.5$12.138,12.016,11.635,10.972,10.016,8.8070,7.4520,6.1130,4.9760,4.1980,3.8610,3.9540,4.3770,4.9810,5.6140,6.1590,6.5550,6.7860,6.8610
55|MEII ldcnd01 waveres WindS|1:spd:7|2:Tm:9.668|2:Tp:12.0$11.111,10.989,10.614,9.9730,9.0680,7.9440,6.7030,5.4960,4.4870,3.8110,3.5380,3.6520,4.0600,4.6280,5.2190,5.7260,6.0950,6.3120,6.3820
56|MEII ldcnd01 waveres WindS|1:spd:7|2:Tm:10.07|2:Tp:12.5$10.132,10.015,9.6570,9.0510,8.2080,7.1770,6.0540,4.9760,4.0880,3.5070,3.2910,3.4180,3.8040,4.3260,4.8620,5.3200,5.6510,5.8450,5.9080
57|MEII ldcnd01 waveres WindS|1:spd:7|2:Tm:10.47|2:Tp:13.0$9.2240,9.1120,8.7770,8.2140,7.4400,6.5040,5.4970,4.5400,3.7630,3.2660,3.0950,3.2270,3.5830,4.0530,4.5300,4.9340,5.2230,5.3910,5.4460
58|MEII ldcnd01 waveres WindS|1:spd:8|2:Tm:3.222|2:Tp:4.00$14.114,14.260,14.657,15.193,15.712,16.055,16.091,15.738,14.966,13.794,12.295,10.588,8.8260,7.1700,5.7550,4.6640,3.9170,3.4920,3.3550
59|MEII ldcnd01 waveres WindS|1:spd:8|2:Tm:3.625|2:Tp:4.50$13.157,13.307,13.723,14.307,14.916,15.387,15.577,15.390,14.787,13.789,12.472,10.952,9.3660,7.8540,6.5280,5.4630,4.6930,4.2300,4.0750
60|MEII ldcnd01 waveres WindS|1:spd:8|2:Tm:4.028|2:Tp:5.00$12.527,12.703,13.195,13.896,14.640,15.238,15.524,15.394,14.824,13.863,12.616,11.213,9.7820,8.4300,7.2360,6.2500,5.5060,5.0400,4.8800
61|MEII ldcnd01 waveres WindS|1:spd:8|2:Tm:4.431|2:Tp:5.50$12.394,12.611,13.213,14.058,14.932,15.601,15.872,15.653,14.958,13.893,12.611,11.265,9.9690,8.7910,7.7590,6.8880,6.2040,5.7570,5.6000
62|MEII ldcnd01 waveres WindS|1:spd:8|2:Tm:4.834|2:Tp:6.00$12.750,13.009,13.713,14.667,15.593,16.207,16.311,15.848,14.902,13.653,12.307,11.028,9.9000,8.9330,8.0950,7.3650,6.7610,6.3470,6.1980
63|MEII ldcnd01 waveres WindS|1:spd:8|2:Tm:5.236|2:Tp:6.50$13.221,13.491,14.218,15.170,16.031,16.499,16.384,15.666,14.491,13.099,11.736,10.568,9.6440,8.9150,8.2940,7.7220,7.2130,6.8430,6.7070
64|MEII ldcnd01 waveres WindS|1:spd:8|2:Tm:5.639|2:Tp:7.00$13.649,13.915,14.618,15.501,16.226,16.490,16.125,15.157,13.783,12.297,10.967,9.9520,9.2580,8.7820,8.3850,7.9790,7.5720,7.2560,7.1360
65|MEII ldcnd01 waveres WindS|1:spd:8|2:Tm:6.042|2:Tp:7.50$14.115,14.366,15.015,15.782,16.316,16.322,15.666,14.430,12.871,11.321,10.062,9.2270,8.7800,8.5610,8.3900,8.1560,7.8640,7.6120,7.5120
66|MEII ldcnd01 waveres WindS|1:spd:8|2:Tm:6.445|2:Tp:8.00$14.829,15.035,15.549,16.091,16.330,16.000,15.021,13.528,11.821,10.252,9.0930,8.4500,8.2430,8.2750,8.3350,8.2930,8.1470,7.9860,7.9180
67|MEII ldcnd01 waveres WindS|1:spd:8|2:Tm:6.848|2:Tp:8.50$15.594,15.731,16.044,16.285,16.164,15.476,14.194,12.497,10.705,9.1650,8.1270,7.6640,7.6690,7.9220,8.1960,8.3500,8.3630,8.3090,8.2770
68|MEII ldcnd01 waveres WindS|1:spd:8|2:Tm:7.251|2:Tp:9.00$16.099,16.156,16.247,16.171,15.703,14.703,13.196,11.384,9.5840,8.1190,7.2090,6.8990,7.0670,7.4890,7.9360,8.2590,8.4200,8.4680,8.4740
69|MEII ldcnd01 waveres WindS|1:spd:8|2:Tm:7.653|2:Tp:9.50$16.188,16.174,16.066,15.720,14.972,13.746,12.106,10.264,8.5180,7.1600,6.3740,6.1860,6.4690,7.0070,7.5770,8.0270,8.3060,8.4370,8.4730
70|MEII ldcnd01 waveres WindS|1:spd:8|2:Tm:8.056|2:Tp:10.0$15.791,15.722,15.474,14.939,14.013,12.667,10.990,9.1920,7.5470,6.3110,5.6390,5.5440,5.9000,6.5020,7.1430,7.6720,8.0270,8.2160,8.2730
71|MEII ldcnd01 waveres WindS|1:spd:8|2:Tm:8.459|2:Tp:10.5$15.011,14.910,14.575,13.933,12.922,11.543,9.9030,8.2010,6.6850,5.5770,5.0090,4.9830,5.3790,6.0070,6.6750,7.2400,7.6350,7.8560,7.9250
72|MEII ldcnd01 waveres WindS|1:spd:8|2:Tm:8.862|2:Tp:11.0$14.019,13.900,13.521,12.832,11.801,10.452,8.8940,7.3160,5.9400,4.9590,4.4840,4.5100,4.9240,5.5530,6.2170,6.7850,7.1910,7.4230,7.4970
73|MEII ldcnd01 waveres WindS|1:spd:8|2:Tm:9.265|2:Tp:11.5$12.921,12.795,12.401,11.709,10.704,9.4230,7.9760,6.5370,5.3030,4.4450,4.0530,4.1180,4.5340,5.1430,5.7820,6.3290,6.7220,6.9500,7.0240
74|MEII ldcnd01 waveres WindS|1:spd:8|2:Tm:9.668|2:Tp:12.0$11.829,11.702,11.313,10.640,9.6850,8.4900,7.1650,5.8660,4.7700,4.0250,3.7070,3.7990,4.2050,4.7790,5.3760,5.8860,6.2530,6.4670,6.5360
75|MEII ldcnd01 waveres WindS|1:spd:8|2:Tm:10.07|2:Tp:12.5$10.788,10.665,10.290,9.6520,8.7600,7.6610,6.4590,5.2970,4.3320,3.6900,3.4330,3.5420,3.9250,4.4540,4.9960,5.4570,5.7880,5.9800,6.0420
76|MEII ldcnd01 waveres WindS|1:spd:8|2:Tm:10.47|2:Tp:13.0$9.8190,9.7030,9.3490,8.7550,7.9320,6.9320,5.8500,4.8170,3.9690,3.4170,3.2090,3.3230,3.6760,4.1510,4.6340,5.0430,5.3340,5.5030,5.5570
77|MEII ldcnd01 waveres WindS|1:spd:9|2:Tm:3.222|2:Tp:4.00$15.425,15.569,15.958,16.479,16.983,17.323,17.370,17.033,16.264,15.054,13.447,11.552,9.5400,7.6120,5.9470,4.6610,3.7860,3.2970,3.1400
78|MEII ldcnd01 waveres WindS|1:spd:9|2:Tm:3.625|2:Tp:4.50$14.152,14.301,14.715,15.300,15.915,16.403,16.617,16.448,15.840,14.795,13.372,11.685,9.8910,8.1590,6.6330,5.4100,4.5340,4.0140,3.8420
79|MEII ldcnd01 waveres WindS|1:spd:9|2:Tm:4.028|2:Tp:5.00$13.198,13.376,13.877,14.600,15.389,16.052,16.413,16.341,15.792,14.794,13.444,11.880,10.254,8.7040,7.3340,6.2100,5.3720,4.8520,4.6750
80|MEII ldcnd01 waveres WindS|1:spd:9|2:Tm:4.431|2:Tp:5.50$12.725,12.944,13.558,14.443,15.400,16.191,16.605,16.506,15.876,14.797,13.420,11.916,10.433,9.0690,7.8780,6.8830,6.1140,5.6180,5.4460
81|MEII ldcnd01 waveres WindS|1:spd:9|2:Tm:4.834|2:Tp:6.00$12.761,13.016,13.720,14.707,15.724,16.495,16.791,16.506,15.676,14.454,13.042,11.629,10.336,9.2070,8.2320,7.3940,6.7140,6.2560,6.0930
82|MEII ldcnd01 waveres WindS|1:spd:9|2:Tm:5.236|2:Tp:6.50$13.249,13.522,14.262,15.260,16.221,16.839,16.895,16.327,15.239,13.853,12.417,11.123,10.052,9.1850,8.4470,7.7850,7.2090,6.8010,6.6520
83|MEII ldcnd01 waveres WindS|1:spd:9|2:Tm:5.639|2:Tp:7.00$13.866,14.144,14.884,15.837,16.667,17.056,16.809,15.922,14.570,13.038,11.610,10.466,9.6420,9.0490,8.5560,8.0750,7.6130,7.2620,7.1300
84|MEII ldcnd01 waveres WindS|1:spd:9|2:Tm:6.042|2:Tp:7.50$14.499,14.768,15.465,16.309,16.940,17.042,16.458,15.248,13.660,12.029,10.656,9.6980,9.1360,8.8230,8.5770,8.2830,7.9460,7.6660,7.5560
85|MEII ldcnd01 waveres WindS|1:spd:9|2:Tm:6.445|2:Tp:8.00$15.387,15.610,16.167,16.775,17.084,16.812,15.860,14.348,12.575,10.905,9.6300,8.8730,8.5710,8.5290,8.5320,8.4460,8.2640,8.0800,8.0030
86|MEII ldcnd01 waveres WindS|1:spd:9|2:Tm:6.848|2:Tp:8.50$16.327,16.476,16.819,17.100,17.014,16.341,15.042,13.289,11.405,9.7540,8.6030,8.0410,7.9690,8.1660,8.3990,8.5190,8.5060,8.4330,8.3950
87|MEII ldcnd01 waveres WindS|1:spd:9|2:Tm:7.251|2:Tp:9.00$16.976,17.037,17.139,17.073,16.604,15.580,14.020,12.125,10.219,8.6420,7.6270,7.2330,7.3400,7.7210,8.1400,8.4390,8.5800,8.6140,8.6140
88|MEII ldcnd01 waveres WindS|1:spd:9|2:Tm:7.653|2:Tp:9.50$17.157,17.139,17.025,16.660,15.880,14.600,12.882,10.942,9.0870,7.6200,6.7400,6.4810,6.7180,7.2260,7.7770,8.2120,8.4770,8.5980,8.6300
89|MEII ldcnd01 waveres WindS|1:spd:9|2:Tm:8.056|2:Tp:10.0$16.785,16.712,16.444,15.873,14.893,13.474,11.705,9.8030,8.0500,6.7140,5.9600,5.8070,6.1270,6.7110,7.3400,7.8590,8.2040,8.3850,8.4400
90|MEII ldcnd01 waveres WindS|1:spd:9|2:Tm:8.459|2:Tp:10.5$15.986,15.876,15.513,14.825,13.748,12.288,10.552,8.7470,7.1290,5.9310,5.2930,5.2190,5.5880,6.2050,6.8670,7.4250,7.8120,8.0270,8.0940
91|MEII ldcnd01 waveres WindS|1:spd:9|2:Tm:8.862|2:Tp:11.0$14.944,14.814,14.404,13.664,12.563,11.129,9.4770,7.8000,6.3300,5.2700,4.7360,4.7250,5.1200,5.7410,6.4020,6.9650,7.3630,7.5890,7.6610
92|MEII ldcnd01 waveres WindS|1:spd:9|2:Tm:9.265|2:Tp:11.5$13.778,13.641,13.216,12.471,11.396,10.032,8.4940,6.9630,5.6460,4.7180,4.2780,4.3130,4.7160,5.3210,5.9570,6.4980,6.8830,7.1040,7.1750
93|MEII ldcnd01 waveres WindS|1:spd:9|2:Tm:9.668|2:Tp:12.0$12.616,12.478,12.056,11.333,10.309,9.0350,7.6240,6.2400,5.0690,4.2630,3.9030,3.9720,4.3680,4.9400,5.5340,6.0390,6.3980,6.6040,6.6700
94|MEII ldcnd01 waveres WindS|1:spd:9|2:Tm:10.07|2:Tp:12.5$11.505,11.371,10.965,10.278,9.3200,8.1460,6.8640,5.6240,4.5890,3.8920,3.5980,3.6860,4.0610,4.5880,5.1290,5.5870,5.9120,6.0990,6.1590
95|MEII ldcnd01 waveres WindS|1:spd:9|2:Tm:10.47|2:Tp:13.0$10.470,10.343,9.9600,9.3180,8.4330,7.3620,6.2050,5.0990,4.1880,3.5840,3.3410,3.4360,3.7810,4.2550,4.7400,5.1480,5.4370,5.6040,5.6570
96|MEII ldcnd01 waveres WindS|1:spd:10|2:Tm:3.222|2:Tp:4.00$16.785,16.927,17.305,17.796,18.237,18.462,18.346,17.806,16.816,15.390,13.593,11.543,9.4110,7.3920,5.6540,4.3060,3.3800,2.8520,2.6790
97|MEII ldcnd01 waveres WindS|1:spd:10|2:Tm:3.625|2:Tp:4.50$15.221,15.371,15.786,16.363,16.954,17.389,17.514,17.224,16.466,15.260,13.675,11.841,9.9220,8.0860,6.4780,5.1890,4.2640,3.7100,3.5240
98|MEII ldcnd01 waveres WindS|1:spd:10|2:Tm:4.028|2:Tp:5.00$14.010,14.194,14.711,15.459,16.270,16.941,17.278,17.143,16.490,15.358,13.857,12.142,10.379,8.7150,7.2520,6.0540,5.1610,4.6060,4.4150
99|MEII ldcnd01 waveres WindS|1:spd:10|2:Tm:4.431|2:Tp:5.50$13.321,13.550,14.194,15.130,16.150,17.000,17.445,17.334,16.636,15.441,13.917,12.259,10.633,9.1510,7.8660,6.8000,5.9780,5.4470,5.2610
100|MEII ldcnd01 waveres WindS|1:spd:10|2:Tm:4.834|2:Tp:6.00$13.197,13.461,14.196,15.237,16.330,17.181,17.540,17.274,16.407,15.093,13.554,12.000,10.576,9.3380,8.2780,7.3750,6.6460,6.1550,5.9800
101|MEII ldcnd01 waveres WindS|1:spd:10|2:Tm:5.236|2:Tp:6.50$13.680,13.966,14.748,15.813,16.858,17.559,17.672,17.114,15.980,14.497,12.935,11.507,10.317,9.3530,8.5410,7.8220,7.2020,6.7640,6.6040
102|MEII ldcnd01 waveres WindS|1:spd:10|2:Tm:5.639|2:Tp:7.00$14.378,14.676,15.473,16.509,17.430,17.896,17.686,16.778,15.348,13.697,12.132,10.856,9.9220,9.2480,8.6950,8.1670,7.6680,7.2920,7.1500
103|MEII ldcnd01 waveres WindS|1:spd:10|2:Tm:6.042|2:Tp:7.50$15.111,15.403,16.166,17.100,17.819,17.981,17.406,16.143,14.449,12.680,11.163,10.079,9.4230,9.0460,8.7560,8.4280,8.0640,7.7630,7.6450
104|MEII ldcnd01 waveres WindS|1:spd:10|2:Tm:6.445|2:Tp:8.00$16.143,16.389,17.006,17.691,18.066,17.823,16.844,15.246,13.343,11.522,10.104,9.2340,8.8540,8.7660,8.7400,8.6320,8.4310,8.2320,8.1490
105|MEII ldcnd01 waveres WindS|1:spd:10|2:Tm:6.848|2:Tp:8.50$17.249,17.414,17.801,18.131,18.077,17.393,16.030,14.160,12.128,10.322,9.0350,8.3740,8.2410,8.4060,8.6240,8.7330,8.7070,8.6240,8.5810
106|MEII ldcnd01 waveres WindS|1:spd:10|2:Tm:7.251|2:Tp:9.00$18.035,18.106,18.229,18.181,17.702,16.631,14.975,12.944,10.882,9.1540,8.0150,7.5350,7.5960,7.9590,8.3710,8.6670,8.8010,8.8280,8.8250
107|MEII ldcnd01 waveres WindS|1:spd:10|2:Tm:7.653|2:Tp:9.50$18.299,18.285,18.171,17.792,16.972,15.613,13.778,11.693,9.6830,8.0750,7.0850,6.7560,6.9580,7.4570,8.0090,8.4440,8.7060,8.8220,8.8520
108|MEII ldcnd01 waveres WindS|1:spd:10|2:Tm:8.056|2:Tp:10.0$17.947,17.868,17.584,16.980,15.938,14.423,12.528,10.481,8.5810,7.1170,6.2680,6.0560,6.3530,6.9330,7.5680,8.0900,8.4340,8.6120,8.6640
109|MEII ldcnd01 waveres WindS|1:spd:10|2:Tm:8.459|2:Tp:10.5$17.111,16.993,16.606,15.871,14.721,13.159,11.296,9.3520,7.5990,6.2870,5.5670,5.4470,5.8000,6.4190,7.0880,7.6500,8.0360,8.2480,8.3130
110|MEII ldcnd01 waveres WindS|1:spd:10|2:Tm:8.862|2:Tp:11.0$16.002,15.863,15.423,14.632,13.454,11.917,10.143,8.3370,6.7450,5.5850,4.9820,4.9330,5.3170,5.9420,6.6100,7.1760,7.5730,7.7950,7.8640
111|MEII ldcnd01 waveres WindS|1:spd:10|2:Tm:9.265|2:Tp:11.5$14.754,14.607,14.151,13.353,12.201,10.738,9.0860,7.4370,6.0100,4.9950,4.4950,4.5010,4.8960,5.5040,6.1460,6.6890,7.0720,7.2880,7.3560
112|MEII ldcnd01 waveres WindS|1:spd:10|2:Tm:9.668|2:Tp:12.0$13.506,13.359,12.906,12.130,11.032,9.6650,8.1480,6.6570,5.3870,4.5040,4.0920,4.1350,4.5250,5.1000,5.7000,6.2060,6.5630,6.7650,6.8290
113|MEII ldcnd01 waveres WindS|1:spd:10|2:Tm:10.07|2:Tp:12.5$12.313,12.170,11.734,10.996,9.9680,8.7070,7.3270,5.9880,4.8640,4.0970,3.7570,3.8220,4.1910,4.7210,5.2690,5.7290,6.0540,6.2390,6.2980
114|MEII ldcnd01 waveres WindS|1:spd:10|2:Tm:10.47|2:Tp:13.0$11.200,11.064,10.653,9.9630,9.0120,7.8590,6.6120,5.4150,4.4230,3.7560,3.4700,3.5430,3.8830,4.3610,4.8530,5.2670,5.5590,5.7260,5.7800
115|MEII ldcnd01 waveres WindS|1:spd:11|2:Tm:3.222|2:Tp:4.00$18.214,18.351,18.714,19.160,19.506,19.568,19.216,18.396,17.114,15.433,13.452,11.309,9.1680,7.1960,5.5330,4.2540,3.3770,2.8750,2.7120
116|MEII ldcnd01 waveres WindS|1:spd:11|2:Tm:3.625|2:Tp:4.50$16.354,16.500,16.903,17.448,17.976,18.306,18.284,17.813,16.868,15.490,13.774,11.859,9.9050,8.0690,6.4770,5.2070,4.2930,3.7450,3.5630
117|MEII ldcnd01 waveres WindS|1:spd:11|2:Tm:4.028|2:Tp:5.00$14.898,15.079,15.587,16.312,17.077,17.673,17.906,17.649,16.867,15.618,14.027,12.254,10.465,8.7940,7.3350,6.1440,5.2560,4.7020,4.5130
118|MEII ldcnd01 waveres WindS|1:spd:11|2:Tm:4.431|2:Tp:5.50$14.029,14.258,14.899,15.822,16.812,17.608,17.980,17.778,16.987,15.709,14.120,12.420,10.773,9.2840,7.9990,6.9340,6.1110,5.5790,5.3940
119|MEII ldcnd01 waveres WindS|1:spd:11|2:Tm:4.834|2:Tp:6.00$13.805,14.076,14.828,15.888,16.992,17.833,18.153,17.823,16.874,15.473,13.855,12.240,10.774,9.5110,8.4370,7.5240,6.7870,6.2900,6.1130
120|MEII ldcnd01 waveres WindS|1:spd:11|2:Tm:5.236|2:Tp:6.50$14.293,14.592,15.408,16.520,17.603,18.319,18.410,17.790,16.563,14.977,13.315,11.807,10.561,9.5640,8.7340,8.0010,7.3700,6.9240,6.7600
121|MEII ldcnd01 waveres WindS|1:spd:11|2:Tm:5.639|2:Tp:7.00$15.039,15.356,16.202,17.302,18.278,18.766,18.528,17.545,16.004,14.229,12.550,11.189,10.201,9.4990,8.9340,8.3990,7.8920,7.5090,7.3650
122|MEII ldcnd01 waveres WindS|1:spd:11|2:Tm:6.042|2:Tp:7.50$15.840,16.155,16.979,17.988,18.766,18.945,18.330,16.971,15.143,13.233,11.594,10.425,9.7240,9.3320,9.0430,8.7180,8.3530,8.0490,7.9300
123|MEII ldcnd01 waveres WindS|1:spd:11|2:Tm:6.445|2:Tp:8.00$17.004,17.271,17.948,18.701,19.120,18.871,17.823,16.101,14.043,12.068,10.524,9.5750,9.1610,9.0710,9.0570,8.9600,8.7640,8.5650,8.4810
124|MEII ldcnd01 waveres WindS|1:spd:11|2:Tm:6.848|2:Tp:8.50$18.278,18.462,18.892,19.266,19.224,18.499,17.033,15.012,12.807,10.839,9.4300,8.6980,8.5410,8.7130,8.9480,9.0720,9.0530,8.9700,8.9270
125|MEII ldcnd01 waveres WindS|1:spd:11|2:Tm:7.251|2:Tp:9.00$19.215,19.295,19.438,19.400,18.898,17.747,15.959,13.758,11.517,9.6300,8.3760,7.8350,7.8790,8.2520,8.6830,8.9920,9.1310,9.1570,9.1530
126|MEII ldcnd01 waveres WindS|1:spd:11|2:Tm:7.653|2:Tp:9.50$19.576,19.562,19.445,19.045,18.164,16.698,14.712,12.449,10.262,8.5050,7.4120,7.0300,7.2210,7.7320,8.3010,8.7470,9.0100,9.1230,9.1520
127|MEII ldcnd01 waveres WindS|1:spd:11|2:Tm:8.056|2:Tp:10.0$19.243,19.160,18.858,18.208,17.084,15.445,13.392,11.169,9.1030,7.5020,6.5630,6.3090,6.5990,7.1930,7.8430,8.3740,8.7170,8.8910,8.9410
128|MEII ldcnd01 waveres WindS|1:spd:11|2:Tm:8.459|2:Tp:10.5$18.368,18.242,17.825,17.033,15.790,14.099,12.080,9.9700,8.0640,6.6310,5.8340,5.6800,6.0320,6.6650,7.3480,7.9180,8.3030,8.5090,8.5710
129|MEII ldcnd01 waveres WindS|1:spd:11|2:Tm:8.862|2:Tp:11.0$17.184,17.035,16.561,15.707,14.433,12.770,10.848,8.8890,7.1580,5.8910,5.2210,5.1450,5.5300,6.1690,6.8510,7.4240,7.8180,8.0350,8.1020
130|MEII ldcnd01 waveres WindS|1:spd:11|2:Tm:9.265|2:Tp:11.5$15.842,15.684,15.192,14.331,13.086,11.503,9.7140,7.9260,6.3750,5.2650,4.7080,4.6900,5.0860,5.7070,6.3610,6.9100,7.2900,7.5020,7.5690
131|MEII ldcnd01 waveres WindS|1:spd:11|2:Tm:9.668|2:Tp:12.0$14.498,14.339,13.852,13.014,11.828,10.349,8.7050,7.0880,5.7070,4.7400,4.2760,4.2990,4.6890,5.2750,5.8860,6.3980,6.7540,6.9530,7.0160
132|MEII ldcnd01 waveres WindS|1:spd:11|2:Tm:10.07|2:Tp:12.5$13.211,13.057,12.587,11.791,10.680,9.3150,7.8190,6.3660,5.1410,4.2980,3.9110,3.9570,4.3270,4.8670,5.4260,5.8940,6.2200,6.4040,6.4630
133|MEII ldcnd01 waveres WindS|1:spd:11|2:Tm:10.47|2:Tp:13.0$12.012,11.865,11.421,10.676,9.6480,8.3990,7.0460,5.7450,4.6600,3.9240,3.5950,3.6510,3.9910,4.4810,4.9840,5.4070,5.7040,5.8720,5.9260
134|MEII ldcnd01 waveres WindS|1:spd:12|2:Tm:3.222|2:Tp:4.00$19.740,19.874,20.218,20.622,20.886,20.820,20.298,19.275,17.794,15.943,13.842,11.631,9.4650,7.4910,5.8270,4.5370,3.6370,3.1120,2.9400
135|MEII ldcnd01 waveres WindS|1:spd:12|2:Tm:3.625|2:Tp:4.50$17.563,17.707,18.097,18.615,19.091,19.337,19.202,18.601,17.525,16.031,14.226,12.248,10.252,8.3820,6.7520,5.4380,4.4790,3.8960,3.7000
136|MEII ldcnd01 waveres WindS|1:spd:12|2:Tm:4.028|2:Tp:5.00$15.834,16.014,16.521,17.233,17.966,18.504,18.660,18.313,17.441,16.115,14.464,12.650,10.827,9.1210,7.6170,6.3720,5.4290,4.8340,4.6300
137|MEII ldcnd01 waveres WindS|1:spd:12|2:Tm:4.431|2:Tp:5.50$14.750,14.984,15.640,16.573,17.558,18.327,18.646,18.377,17.516,16.177,14.543,12.811,11.137,9.6150,8.2840,7.1620,6.2840,5.7100,5.5090
138|MEII ldcnd01 waveres WindS|1:spd:12|2:Tm:4.834|2:Tp:6.00$14.374,14.664,15.468,16.596,17.757,18.628,18.938,18.559,17.535,16.049,14.353,12.674,11.158,9.8490,8.7270,7.7610,6.9730,6.4390,6.2480
139|MEII ldcnd01 waveres WindS|1:spd:12|2:Tm:5.236|2:Tp:6.50$14.766,15.095,15.994,17.214,18.402,19.187,19.292,18.632,17.320,15.628,13.864,12.273,10.967,9.9240,9.0510,8.2730,7.5990,7.1190,6.9430
140|MEII ldcnd01 waveres WindS|1:spd:12|2:Tm:5.639|2:Tp:7.00$15.512,15.864,16.808,18.035,19.131,19.695,19.474,18.438,16.797,14.901,13.110,11.663,10.620,9.8810,9.2840,8.7120,8.1660,7.7520,7.5960
141|MEII ldcnd01 waveres WindS|1:spd:12|2:Tm:6.042|2:Tp:7.50$16.426,16.778,17.701,18.837,19.730,19.972,19.349,17.912,15.957,13.906,12.146,10.892,10.143,9.7240,9.4090,9.0520,8.6480,8.3130,8.1820
142|MEII ldcnd01 waveres WindS|1:spd:12|2:Tm:6.445|2:Tp:8.00$17.780,18.082,18.848,19.711,20.218,19.999,18.906,17.070,14.856,12.722,11.051,10.018,9.5620,9.4500,9.4140,9.2830,9.0460,8.8130,8.7170
143|MEII ldcnd01 waveres WindS|1:spd:12|2:Tm:6.848|2:Tp:8.50$19.266,19.476,19.976,20.431,20.437,19.698,18.143,15.975,13.592,11.456,9.9170,9.1060,8.9110,9.0650,9.2780,9.3670,9.3040,9.1860,9.1290
144|MEII ldcnd01 waveres WindS|1:spd:12|2:Tm:7.251|2:Tp:9.00$20.392,20.490,20.677,20.677,20.174,18.965,17.052,14.679,12.250,10.194,8.8170,8.2030,8.2150,8.5730,8.9840,9.2590,9.3560,9.3470,9.3300
145|MEII ldcnd01 waveres WindS|1:spd:12|2:Tm:7.653|2:Tp:9.50$20.885,20.879,20.777,20.374,19.451,17.888,15.753,13.305,10.930,9.0120,7.8060,7.3610,7.5260,8.0250,8.5760,8.9920,9.2170,9.2990,9.3150
146|MEII ldcnd01 waveres WindS|1:spd:12|2:Tm:8.056|2:Tp:10.0$20.599,20.514,20.204,19.523,18.327,16.570,14.356,11.949,9.7030,7.9550,6.9160,6.6090,6.8800,7.4660,8.1030,8.6070,8.9170,9.0610,9.1010
147|MEII ldcnd01 waveres WindS|1:spd:12|2:Tm:8.459|2:Tp:10.5$19.695,19.563,19.125,18.285,16.955,15.137,12.957,10.671,8.5990,7.0340,6.1510,5.9540,6.2920,6.9210,7.5950,8.1420,8.4960,8.6770,8.7300
148|MEII ldcnd01 waveres WindS|1:spd:12|2:Tm:8.862|2:Tp:11.0$18.441,18.284,17.781,16.870,15.503,13.712,11.635,9.5130,7.6320,6.2480,5.5030,5.3910,5.7670,6.4040,7.0780,7.6310,8.0000,8.1950,8.2530
149|MEII ldcnd01 waveres WindS|1:spd:12|2:Tm:9.265|2:Tp:11.5$17.004,16.837,16.313,15.393,14.056,12.350,10.417,8.4790,6.7930,5.5790,4.9560,4.9060,5.2940,5.9130,6.5610,7.0940,7.4540,7.6470,7.7060
150|MEII ldcnd01 waveres WindS|1:spd:12|2:Tm:9.668|2:Tp:12.0$15.561,15.392,14.872,13.975,12.700,11.106,9.3290,7.5750,6.0730,5.0120,4.4900,4.4840,4.8660,5.4510,6.0580,6.5570,6.8960,7.0810,7.1380
151|MEII ldcnd01 waveres WindS|1:spd:12|2:Tm:10.07|2:Tp:12.5$14.177,14.013,13.511,12.658,11.463,9.9900,8.3720,6.7940,5.4590,4.5320,4.0910,4.1110,4.4740,5.0140,5.5710,6.0300,6.3440,6.5170,6.5710
152|MEII ldcnd01 waveres WindS|1:spd:12|2:Tm:10.47|2:Tp:13.0$12.886,12.730,12.255,11.455,10.348,8.9990,7.5340,6.1190,4.9340,4.1210,3.7430,3.7750,4.1110,4.6020,5.1060,5.5240,5.8120,5.9730,6.0230
153|MEII ldcnd01 waveres WindS|1:spd:13|2:Tm:3.222|2:Tp:4.00$21.306,21.436,21.763,22.127,22.316,22.135,21.458,20.261,18.607,16.607,14.392,12.099,9.8710,7.8430,6.1190,4.7610,3.7940,3.2180,3.0270
154|MEII ldcnd01 waveres WindS|1:spd:13|2:Tm:3.625|2:Tp:4.50$18.801,18.943,19.327,19.826,20.260,20.438,20.209,19.497,18.311,16.719,14.837,12.798,10.745,8.8100,7.1000,5.6910,4.6380,3.9850,3.7640
155|MEII ldcnd01 waveres WindS|1:spd:13|2:Tm:4.028|2:Tp:5.00$16.783,16.969,17.483,18.202,18.930,19.441,19.547,19.129,18.183,16.787,15.080,13.218,11.347,9.5810,7.9970,6.6560,5.6170,4.9520,4.7210
156|MEII ldcnd01 waveres WindS|1:spd:13|2:Tm:4.431|2:Tp:5.50$15.460,15.707,16.396,17.374,18.396,19.181,19.486,19.174,18.252,16.843,15.145,13.353,11.622,10.035,8.6270,7.4160,6.4510,5.8150,5.5910
157|MEII ldcnd01 waveres WindS|1:spd:13|2:Tm:4.834|2:Tp:6.00$14.893,15.210,16.087,17.316,18.580,19.527,19.868,19.468,18.377,16.799,15.005,13.239,11.648,10.270,9.0720,8.0260,7.1590,6.5670,6.3550
158|MEII ldcnd01 waveres WindS|1:spd:13|2:Tm:5.236|2:Tp:6.50$15.127,15.492,16.492,17.851,19.187,20.089,20.257,19.587,18.209,16.413,14.539,12.851,11.467,10.355,9.4130,8.5580,7.8070,7.2710,7.0740
159|MEII ldcnd01 waveres WindS|1:spd:13|2:Tm:5.639|2:Tp:7.00$15.844,16.238,17.292,18.674,19.930,20.620,20.458,19.407,17.688,15.679,13.771,12.226,11.107,10.304,9.6390,8.9900,8.3660,7.8930,7.7150
160|MEII ldcnd01 waveres WindS|1:spd:13|2:Tm:6.042|2:Tp:7.50$16.898,17.292,18.327,19.615,20.653,20.997,20.403,18.919,16.856,14.670,12.780,11.423,10.597,10.114,9.7320,9.2950,8.8090,8.4120,8.2580
161|MEII ldcnd01 waveres WindS|1:spd:13|2:Tm:6.445|2:Tp:8.00$18.474,18.815,19.683,20.677,21.301,21.143,20.034,18.106,15.749,13.457,11.644,10.505,9.9730,9.7980,9.6930,9.4830,9.1630,8.8680,8.7480
162|MEII ldcnd01 waveres WindS|1:spd:13|2:Tm:6.848|2:Tp:8.50$20.198,20.441,21.024,21.575,21.653,20.926,19.306,17.004,14.452,12.143,10.460,9.5430,9.2770,9.3720,9.5210,9.5330,9.3930,9.2150,9.1360
163|MEII ldcnd01 waveres WindS|1:spd:13|2:Tm:7.251|2:Tp:9.00$21.545,21.664,21.902,21.955,21.473,20.222,18.202,15.666,13.051,10.821,9.3050,8.5970,8.5460,8.8530,9.2080,9.4150,9.4430,9.3810,9.3430
164|MEII ldcnd01 waveres WindS|1:spd:13|2:Tm:7.653|2:Tp:9.50$22.198,22.202,22.120,21.725,20.771,19.125,16.850,14.223,11.661,9.5760,8.2430,7.7150,7.8290,8.2880,8.7930,9.1520,9.3170,9.3520,9.3500
165|MEII ldcnd01 waveres WindS|1:spd:13|2:Tm:8.056|2:Tp:10.0$21.978,21.895,21.580,20.874,19.615,17.745,15.375,12.786,10.359,8.4580,7.3070,6.9300,7.1600,7.7140,8.3130,8.7690,9.0270,9.1310,9.1550
166|MEII ldcnd01 waveres WindS|1:spd:13|2:Tm:8.459|2:Tp:10.5$21.059,20.923,20.465,19.579,18.167,16.223,13.884,11.423,9.1830,7.4800,6.4990,6.2440,6.5480,7.1520,7.7950,8.3000,8.6090,8.7540,8.7940
167|MEII ldcnd01 waveres WindS|1:spd:13|2:Tm:8.862|2:Tp:11.0$19.740,19.573,19.044,18.076,16.618,14.701,12.470,10.183,8.1500,6.6420,5.8120,5.6490,5.9960,6.6130,7.2600,7.7780,8.1080,8.2720,8.3190
168|MEII ldcnd01 waveres WindS|1:spd:13|2:Tm:9.265|2:Tp:11.5$18.211,18.034,17.478,16.497,15.068,13.240,11.162,9.0720,7.2480,5.9240,5.2240,5.1300,5.4930,6.0950,6.7200,7.2240,7.5510,7.7190,7.7680
169|MEII ldcnd01 waveres WindS|1:spd:13|2:Tm:9.668|2:Tp:12.0$16.667,16.487,15.934,14.978,13.613,11.902,9.9910,8.0990,6.4720,5.3110,4.7210,4.6740,5.0350,5.6050,6.1930,6.6690,6.9820,7.1460,7.1950
170|MEII ldcnd01 waveres WindS|1:spd:13|2:Tm:10.07|2:Tp:12.5$15.184,15.009,14.475,13.563,12.283,10.701,8.9590,7.2550,5.8060,4.7880,4.2860,4.2700,4.6140,5.1420,5.6850,6.1250,6.4190,6.5760,6.6240
171|MEII ldcnd01 waveres WindS|1:spd:13|2:Tm:10.47|2:Tp:13.0$13.800,13.634,13.126,12.270,11.083,9.6330,8.0530,6.5230,5.2340,4.3390,3.9060,3.9060,4.2260,4.7080,5.2020,5.6060,5.8790,6.0270,6.0720
172|MEII ldcnd01 waveres WindS|1:spd:14|2:Tm:3.222|2:Tp:4.00$22.973,23.097,23.405,23.726,23.839,23.541,22.714,21.348,19.521,17.357,14.993,12.574,10.252,8.1730,6.4470,5.1270,4.2170,3.6890,3.5160
173|MEII ldcnd01 waveres WindS|1:spd:14|2:Tm:3.625|2:Tp:4.50$20.115,20.256,20.631,21.108,21.499,21.611,21.294,20.476,19.174,17.459,15.452,13.290,11.130,9.1160,7.3660,5.9540,4.9210,4.2910,4.0780
174|MEII ldcnd01 waveres WindS|1:spd:14|2:Tm:4.028|2:Tp:5.00$17.795,17.983,18.504,19.225,19.944,20.431,20.493,20.014,18.987,17.496,15.681,13.707,11.731,9.8780,8.2380,6.8700,5.8270,5.1660,4.9380
175|MEII ldcnd01 waveres WindS|1:spd:14|2:Tm:4.431|2:Tp:5.50$16.222,16.479,17.191,18.200,19.250,20.049,20.349,20.007,19.031,17.549,15.763,13.878,12.056,10.391,8.9190,7.6650,6.6730,6.0220,5.7930
176|MEII ldcnd01 waveres WindS|1:spd:14|2:Tm:4.834|2:Tp:6.00$15.459,15.794,16.721,18.020,19.358,20.365,20.740,20.333,19.197,17.542,15.656,13.790,12.104,10.642,9.3750,8.2730,7.3650,6.7470,6.5260
177|MEII ldcnd01 waveres WindS|1:spd:14|2:Tm:5.236|2:Tp:6.50$15.552,15.944,17.017,18.482,19.931,20.930,21.156,20.493,19.069,17.187,15.207,13.411,11.927,10.730,9.7150,8.7980,7.9970,7.4260,7.2170
178|MEII ldcnd01 waveres WindS|1:spd:14|2:Tm:5.639|2:Tp:7.00$16.252,16.677,17.823,19.332,20.721,21.518,21.415,20.358,18.576,16.462,14.435,12.773,11.552,10.664,9.9250,9.2080,8.5260,8.0130,7.8200
179|MEII ldcnd01 waveres WindS|1:spd:14|2:Tm:6.042|2:Tp:7.50$17.433,17.863,18.997,20.417,21.587,22.023,21.458,19.931,17.768,15.450,13.420,11.936,11.005,10.435,9.9760,9.4680,8.9200,8.4790,8.3080
180|MEII ldcnd01 waveres WindS|1:spd:14|2:Tm:6.445|2:Tp:8.00$19.222,19.599,20.562,21.677,22.406,22.304,21.177,19.160,16.664,14.211,12.244,10.973,10.336,10.077,9.8980,9.6180,9.2370,8.8970,8.7600
181|MEII ldcnd01 waveres WindS|1:spd:14|2:Tm:6.848|2:Tp:8.50$21.194,21.466,22.125,22.768,22.910,22.190,20.503,18.068,15.341,12.853,11.010,9.9660,9.6020,9.6210,9.7030,9.6510,9.4530,9.2340,9.1400
182|MEII ldcnd01 waveres WindS|1:spd:14|2:Tm:7.251|2:Tp:9.00$22.785,22.924,23.209,23.306,22.834,21.535,19.398,16.695,13.888,11.474,9.8040,8.9790,8.8450,9.0880,9.3860,9.5370,9.5140,9.4140,9.3630
183|MEII ldcnd01 waveres WindS|1:spd:14|2:Tm:7.653|2:Tp:9.50$23.628,23.639,23.570,23.173,22.177,20.433,18.004,15.189,12.428,10.165,8.6920,8.0640,8.1080,8.5150,8.9750,9.2850,9.4050,9.4080,9.3940
184|MEII ldcnd01 waveres WindS|1:spd:14|2:Tm:8.056|2:Tp:10.0$23.490,23.406,23.079,22.334,20.996,18.997,16.455,13.671,11.052,8.9860,7.7090,7.2470,7.4200,7.9330,8.4940,8.9090,9.1270,9.2020,9.2150
185|MEII ldcnd01 waveres WindS|1:spd:14|2:Tm:8.459|2:Tp:10.5$22.563,22.417,21.931,20.986,19.474,17.388,14.873,12.221,9.8020,7.9490,6.8580,6.5300,6.7880,7.3570,7.9670,8.4370,8.7120,8.8320,8.8610
186|MEII ldcnd01 waveres WindS|1:spd:14|2:Tm:8.862|2:Tp:11.0$21.176,20.997,20.429,19.392,17.827,15.764,13.362,10.896,8.6980,7.0560,6.1280,5.9030,6.2100,6.7970,7.4180,7.9060,8.2060,8.3490,8.3870
187|MEII ldcnd01 waveres WindS|1:spd:14|2:Tm:9.265|2:Tp:11.5$19.545,19.354,18.757,17.704,16.167,14.199,11.959,9.7050,7.7310,6.2860,5.5000,5.3500,5.6780,6.2550,6.8580,7.3370,7.6410,7.7910,7.8340
188|MEII ldcnd01 waveres WindS|1:spd:14|2:Tm:9.668|2:Tp:12.0$17.891,17.698,17.103,16.073,14.606,12.762,10.702,8.6590,6.8950,5.6250,4.9570,4.8610,5.1910,5.7410,6.3110,6.7670,7.0620,7.2130,7.2570
189|MEII ldcnd01 waveres WindS|1:spd:14|2:Tm:10.07|2:Tp:12.5$16.299,16.112,15.537,14.555,13.176,11.471,9.5900,7.7480,6.1760,5.0590,4.4860,4.4260,4.7440,5.2560,5.7840,6.2110,6.4910,6.6380,6.6820
190|MEII ldcnd01 waveres WindS|1:spd:14|2:Tm:10.47|2:Tp:13.0$14.814,14.634,14.088,13.166,11.885,10.320,8.6130,6.9570,5.5550,4.5700,4.0750,4.0360,4.3330,4.8020,5.2870,5.6810,5.9440,6.0840,6.1270
191|MEII ldcnd01 waveres WindS|1:spd:15|2:Tm:3.222|2:Tp:4.00$24.674,24.794,25.082,25.360,25.393,24.974,23.990,22.441,20.424,18.077,15.554,13.004,10.583,8.4340,6.6600,5.3100,4.3830,3.8480,3.6730
192|MEII ldcnd01 waveres WindS|1:spd:15|2:Tm:3.625|2:Tp:4.50$21.458,21.594,21.958,22.410,22.757,22.799,22.389,21.464,20.041,18.205,16.076,13.798,11.526,9.4050,7.5540,6.0540,4.9510,4.2750,4.0470
193|MEII ldcnd01 waveres WindS|1:spd:15|2:Tm:4.028|2:Tp:5.00$18.832,19.020,19.541,20.257,20.961,21.420,21.434,20.893,19.794,18.222,16.322,14.257,12.180,10.215,8.4520,6.9610,5.8110,5.0760,4.8210
194|MEII ldcnd01 waveres WindS|1:spd:15|2:Tm:4.431|2:Tp:5.50$17.014,17.274,17.999,19.021,20.082,20.884,21.172,20.802,19.783,18.246,16.395,14.437,12.532,10.771,9.1940,7.8320,6.7440,6.0270,5.7740
195|MEII ldcnd01 waveres WindS|1:spd:15|2:Tm:4.834|2:Tp:6.00$16.063,16.408,17.361,18.697,20.076,21.118,21.511,21.101,19.941,18.249,16.312,14.387,12.633,11.091,9.7300,8.5260,7.5240,6.8380,6.5920
196|MEII ldcnd01 waveres WindS|1:spd:15|2:Tm:5.236|2:Tp:6.50$16.049,16.459,17.582,19.120,20.646,21.712,21.976,21.316,19.862,17.927,15.883,14.018,12.462,11.186,10.081,9.0650,8.1710,7.5320,7.2980
197|MEII ldcnd01 waveres WindS|1:spd:15|2:Tm:5.639|2:Tp:7.00$16.746,17.198,18.417,20.028,21.524,22.405,22.339,21.270,19.429,17.230,15.106,13.351,12.043,11.070,10.243,9.4340,8.6660,8.0900,7.8740
198|MEII ldcnd01 waveres WindS|1:spd:15|2:Tm:6.042|2:Tp:7.50$18.034,18.496,19.716,21.250,22.532,23.042,22.493,20.919,18.659,16.216,14.059,12.461,11.431,10.773,10.229,9.6370,9.0130,8.5160,8.3260
199|MEII ldcnd01 waveres WindS|1:spd:15|2:Tm:6.445|2:Tp:8.00$20.017,20.424,21.474,22.697,23.518,23.459,22.306,20.198,17.563,14.954,12.838,11.442,10.703,10.359,10.103,9.7480,9.3010,8.9140,8.7610
200|MEII ldcnd01 waveres WindS|1:spd:15|2:Tm:6.848|2:Tp:8.50$22.231,22.531,23.261,23.985,24.183,23.457,21.695,19.122,16.223,13.556,11.555,10.386,9.9270,9.8700,9.8840,9.7680,9.5140,9.2540,9.1450
201|MEII ldcnd01 waveres WindS|1:spd:15|2:Tm:7.251|2:Tp:9.00$24.080,24.236,24.562,24.697,24.225,22.865,20.604,17.726,14.724,12.125,10.302,9.3620,9.1450,9.3240,9.5650,9.6620,9.5880,9.4530,9.3890
202|MEII ldcnd01 waveres WindS|1:spd:15|2:Tm:7.653|2:Tp:9.50$25.132,25.146,25.086,24.677,23.628,21.771,19.179,16.165,13.201,10.758,9.1430,8.4160,8.3920,8.7470,9.1590,9.4230,9.4980,9.4690,9.4430
203|MEII ldcnd01 waveres WindS|1:spd:15|2:Tm:8.056|2:Tp:10.0$25.093,25.003,24.657,23.864,22.431,20.290,17.563,14.572,11.754,9.5180,8.1150,7.5670,7.6830,8.1540,8.6760,9.0510,9.2300,9.2770,9.2790
204|MEII ldcnd01 waveres WindS|1:spd:15|2:Tm:8.459|2:Tp:10.5$24.162,24.006,23.483,22.466,20.840,18.594,15.889,13.036,10.429,8.4220,7.2180,6.8150,7.0250,7.5590,8.1370,8.5740,8.8160,8.9120,8.9320
205|MEII ldcnd01 waveres WindS|1:spd:15|2:Tm:8.862|2:Tp:11.0$22.707,22.514,21.900,20.781,19.093,16.870,14.282,11.627,9.2550,7.4720,6.4440,6.1520,6.4180,6.9760,7.5700,8.0310,8.3050,8.4280,8.4600
206|MEII ldcnd01 waveres WindS|1:spd:15|2:Tm:9.265|2:Tp:11.5$20.969,20.764,20.118,18.980,17.320,15.198,12.784,10.355,8.2220,6.6500,5.7730,5.5640,5.8570,6.4090,6.9900,7.4480,7.7310,7.8670,7.9040
207|MEII ldcnd01 waveres WindS|1:spd:15|2:Tm:9.668|2:Tp:12.0$19.198,18.990,18.347,17.235,15.649,13.660,11.438,9.2340,7.3260,5.9420,5.1920,5.0440,5.3430,5.8720,6.4250,6.8650,7.1450,7.2840,7.3240
208|MEII ldcnd01 waveres WindS|1:spd:15|2:Tm:10.07|2:Tp:12.5$17.492,17.288,16.666,15.605,14.116,12.275,10.246,8.2560,6.5530,5.3330,4.6860,4.5800,4.8710,5.3660,5.8830,6.2980,6.5670,6.7050,6.7460
209|MEII ldcnd01 waveres WindS|1:spd:15|2:Tm:10.47|2:Tp:13.0$15.896,15.702,15.111,14.114,12.731,11.040,9.1960,7.4050,5.8850,4.8060,4.2440,4.1650,4.4400,4.8960,5.3720,5.7580,6.0130,6.1470,6.1880
210|MEII ldcnd01 waveres WindS|1:spd:16|2:Tm:3.222|2:Tp:4.00$26.481,26.594,26.860,27.090,27.038,26.493,25.351,23.618,21.406,18.862,16.153,13.451,10.937,8.7770,7.0820,5.8830,5.1330,4.7390,4.6190
211|MEII ldcnd01 waveres WindS|1:spd:16|2:Tm:3.625|2:Tp:4.50$22.881,23.014,23.367,23.792,24.091,24.063,23.559,22.521,20.968,18.986,16.702,14.280,11.897,9.7260,7.9010,6.4910,5.5100,4.9360,4.7490
212|MEII ldcnd01 waveres WindS|1:spd:16|2:Tm:4.028|2:Tp:5.00$19.934,20.125,20.646,21.360,22.051,22.481,22.450,21.848,20.671,19.003,16.992,14.811,12.631,10.597,8.8130,7.3450,6.2450,5.5570,5.3230
213|MEII ldcnd01 waveres WindS|1:spd:16|2:Tm:4.431|2:Tp:5.50$17.865,18.131,18.871,19.912,20.990,21.798,22.077,21.680,20.612,19.006,17.068,15.013,13.012,11.169,9.5360,8.1450,7.0500,6.3360,6.0870
214|MEII ldcnd01 waveres WindS|1:spd:16|2:Tm:4.834|2:Tp:6.00$16.730,17.084,18.070,19.452,20.882,21.964,22.375,21.959,20.767,19.014,16.995,14.977,13.128,11.501,10.074,8.8270,7.8000,7.1020,6.8530
215|MEII ldcnd01 waveres WindS|1:spd:16|2:Tm:5.236|2:Tp:6.50$16.612,17.042,18.225,19.846,21.461,22.599,22.900,22.236,20.735,18.721,16.573,14.600,12.939,11.574,10.401,9.3390,8.4160,7.7620,7.5240
216|MEII ldcnd01 waveres WindS|1:spd:16|2:Tm:5.639|2:Tp:7.00$17.302,17.785,19.087,20.813,22.426,23.393,23.365,22.274,20.356,18.042,15.787,13.900,12.475,11.408,10.511,9.6560,8.8580,8.2660,8.0450
217|MEII ldcnd01 waveres WindS|1:spd:16|2:Tm:6.042|2:Tp:7.50$18.686,19.183,20.497,22.160,23.562,24.152,23.617,21.989,19.617,17.027,14.712,12.967,11.814,11.061,10.449,9.8100,9.1570,8.6440,8.4480
218|MEII ldcnd01 waveres WindS|1:spd:16|2:Tm:6.445|2:Tp:8.00$20.855,21.299,22.443,23.785,24.712,24.701,23.523,21.316,18.530,15.745,13.456,11.909,11.051,10.618,10.299,9.9010,9.4240,9.0200,8.8610
219|MEII ldcnd01 waveres WindS|1:spd:16|2:Tm:6.848|2:Tp:8.50$23.319,23.650,24.461,25.280,25.542,24.818,22.979,20.261,17.174,14.312,12.133,10.820,10.253,10.119,10.078,9.9220,9.6380,9.3600,9.2450
220|MEII ldcnd01 waveres WindS|1:spd:16|2:Tm:7.251|2:Tp:9.00$25.452,25.629,26.004,26.184,25.721,24.301,21.909,18.844,15.632,12.829,10.835,9.7650,9.4550,9.5700,9.7640,9.8240,9.7220,9.5680,9.4970
221|MEII ldcnd01 waveres WindS|1:spd:16|2:Tm:7.653|2:Tp:9.50$26.743,26.767,26.716,26.302,25.198,23.226,20.458,17.229,14.044,11.401,9.6280,8.7860,8.6840,8.9880,9.3600,9.5910,9.6400,9.5920,9.5600
222|MEII ldcnd01 waveres WindS|1:spd:16|2:Tm:8.056|2:Tp:10.0$26.827,26.733,26.368,25.527,23.997,21.702,18.773,15.558,12.521,10.096,8.5490,7.9010,7.9520,8.3800,8.8680,9.2150,9.3720,9.4020,9.3980
223|MEII ldcnd01 waveres WindS|1:spd:16|2:Tm:8.459|2:Tp:10.5$25.907,25.739,25.179,24.084,22.334,19.919,17.004,13.931,11.116,8.9350,7.6010,7.1110,7.2650,7.7630,8.3130,8.7270,8.9510,9.0330,9.0490
224|MEII ldcnd01 waveres WindS|1:spd:16|2:Tm:8.862|2:Tp:11.0$24.384,24.176,23.514,22.305,20.483,18.084,15.294,12.429,9.8650,7.9240,6.7790,6.4100,6.6280,7.1550,7.7270,8.1700,8.4300,8.5430,8.5710
225|MEII ldcnd01 waveres WindS|1:spd:16|2:Tm:9.265|2:Tp:11.5$22.533,22.309,21.612,20.382,18.590,16.297,13.692,11.068,8.7600,7.0450,6.0640,5.7870,6.0370,6.5640,7.1280,7.5730,7.8460,7.9740,8.0090
226|MEII ldcnd01 waveres WindS|1:spd:16|2:Tm:9.668|2:Tp:12.0$20.632,20.407,19.712,18.510,16.797,14.649,12.249,9.8670,7.7990,6.2860,5.4430,5.2340,5.4960,6.0040,6.5450,6.9760,7.2490,7.3840,7.4230
227|MEII ldcnd01 waveres WindS|1:spd:16|2:Tm:10.07|2:Tp:12.5$18.799,18.579,17.907,16.760,15.150,13.161,10.968,8.8160,6.9680,5.6310,4.9020,4.7410,5.0020,5.4800,5.9870,6.3970,6.6620,6.7980,6.8380
228|MEII ldcnd01 waveres WindS|1:spd:16|2:Tm:10.47|2:Tp:13.0$17.084,16.874,16.235,15.157,13.661,11.834,9.8390,7.9000,6.2480,5.0640,4.4280,4.3020,4.5510,4.9940,5.4640,5.8470,6.1010,6.2340,6.2740
229|MEII ldcnd01 waveres WindS|1:spd:17|2:Tm:3.222|2:Tp:4.00$28.320,28.427,28.671,28.851,28.712,28.041,26.737,24.834,22.471,19.841,17.156,14.601,12.337,10.477,9.0780,8.1270,7.5570,7.2790,7.2210
230|MEII ldcnd01 waveres WindS|1:spd:17|2:Tm:3.625|2:Tp:4.50$24.330,24.462,24.801,25.200,25.452,25.351,24.757,23.615,21.962,19.908,17.601,15.220,12.936,10.900,9.2190,7.9410,7.0630,6.5610,6.4150
231|MEII ldcnd01 waveres WindS|1:spd:17|2:Tm:4.028|2:Tp:5.00$21.059,21.252,21.777,22.490,23.169,23.572,23.499,22.847,21.618,19.910,17.879,15.699,13.534,11.514,9.7320,8.2530,7.1330,6.4320,6.2040
232|MEII ldcnd01 waveres WindS|1:spd:17|2:Tm:4.431|2:Tp:5.50$18.737,19.010,19.768,20.836,21.934,22.754,23.028,22.618,21.537,19.927,17.997,15.951,13.941,12.054,10.332,8.8190,7.5940,6.7840,6.5070
233|MEII ldcnd01 waveres WindS|1:spd:17|2:Tm:4.834|2:Tp:6.00$17.413,17.783,18.808,20.246,21.733,22.862,23.299,22.891,21.693,19.934,17.915,15.895,14.028,12.350,10.832,9.4610,8.3030,7.5080,7.2300
234|MEII ldcnd01 waveres WindS|1:spd:17|2:Tm:5.236|2:Tp:6.50$17.184,17.639,18.888,20.601,22.313,23.528,23.872,23.214,21.691,19.642,17.461,15.454,13.757,12.337,11.081,9.9140,8.8830,8.1480,7.8840
235|MEII ldcnd01 waveres WindS|1:spd:17|2:Tm:5.639|2:Tp:7.00$17.861,18.375,19.767,21.615,23.350,24.410,24.422,23.318,21.347,18.959,16.629,14.678,13.195,12.063,11.087,10.136,9.2430,8.5790,8.3360
236|MEII ldcnd01 waveres WindS|1:spd:17|2:Tm:6.042|2:Tp:7.50$19.332,19.865,21.280,23.076,24.605,25.278,24.764,23.091,20.627,17.923,15.501,13.665,12.438,11.616,10.929,10.205,9.4670,8.8920,8.6760
237|MEII ldcnd01 waveres WindS|1:spd:17|2:Tm:6.445|2:Tp:8.00$21.680,22.163,23.406,24.877,25.914,25.959,24.761,22.466,19.544,16.608,14.188,12.537,11.602,11.103,10.716,10.242,9.6910,9.2320,9.0550
238|MEII ldcnd01 waveres WindS|1:spd:17|2:Tm:6.848|2:Tp:8.50$24.395,24.760,25.657,26.579,26.916,26.198,24.289,21.433,18.171,15.133,12.808,11.388,10.748,10.555,10.455,10.232,9.8820,9.5540,9.4230
239|MEII ldcnd01 waveres WindS|1:spd:17|2:Tm:7.251|2:Tp:9.00$26.827,27.025,27.455,27.691,27.240,25.768,23.247,20.000,16.583,13.591,11.448,10.277,9.9010,9.9660,10.110,10.112,9.9520,9.7540,9.6680
240|MEII ldcnd01 waveres WindS|1:spd:17|2:Tm:7.653|2:Tp:9.50$28.379,28.410,28.378,27.961,26.809,24.724,21.778,18.334,14.930,12.095,10.178,9.2430,9.0850,9.3470,9.6770,9.8580,9.8570,9.7710,9.7250
241|MEII ldcnd01 waveres WindS|1:spd:17|2:Tm:8.056|2:Tp:10.0$28.605,28.510,28.129,27.240,25.615,23.164,20.030,16.586,13.328,10.719,9.0390,8.3080,8.3100,8.7030,9.1560,9.4610,9.5750,9.5720,9.5580
242|MEII ldcnd01 waveres WindS|1:spd:17|2:Tm:8.459|2:Tp:10.5$27.709,27.532,26.934,25.764,23.889,21.296,18.167,14.866,11.841,9.4890,8.0350,7.4700,7.5820,8.0510,8.5720,8.9510,9.1390,9.1940,9.2010
243|MEII ldcnd01 waveres WindS|1:spd:17|2:Tm:8.862|2:Tp:11.0$26.127,25.905,25.193,23.893,21.933,19.351,16.350,13.269,10.509,8.4120,7.1590,6.7250,6.9060,7.4090,7.9570,8.3720,8.6020,8.6930,8.7140
244|MEII ldcnd01 waveres WindS|1:spd:17|2:Tm:9.265|2:Tp:11.5$24.162,23.922,23.171,21.844,19.914,17.445,14.641,11.816,9.3290,7.4720,6.3940,6.0590,6.2770,6.7840,7.3290,7.7520,8.0030,8.1140,8.1430
245|MEII ldcnd01 waveres WindS|1:spd:17|2:Tm:9.668|2:Tp:12.0$22.129,21.886,21.138,19.843,17.996,15.682,13.096,10.531,8.3000,6.6590,5.7280,5.4670,5.7020,6.1950,6.7210,7.1360,7.3920,7.5130,7.5470
246|MEII ldcnd01 waveres WindS|1:spd:17|2:Tm:10.07|2:Tp:12.5$20.164,19.927,19.202,17.966,16.232,14.088,11.725,9.4050,7.4080,5.9560,5.1470,4.9410,5.1780,5.6450,6.1420,6.5390,6.7910,6.9170,6.9530
247|MEII ldcnd01 waveres WindS|1:spd:17|2:Tm:10.47|2:Tp:13.0$18.325,18.098,17.410,16.247,14.635,12.665,10.514,8.4210,6.6350,5.3460,4.6400,4.4730,4.7030,5.1380,5.6000,5.9750,6.2180,6.3430,6.3800
248|MEII ldcnd01 waveres WindS|1:spd:18|2:Tm:3.222|2:Tp:4.00$30.266,30.365,30.584,30.711,30.479,29.671,28.191,26.101,23.566,20.799,17.995,15.309,12.869,10.771,9.0700,7.7810,6.8880,6.3660,6.1930
249|MEII ldcnd01 waveres WindS|1:spd:18|2:Tm:3.625|2:Tp:4.50$25.862,25.990,26.316,26.687,26.886,26.709,26.018,24.773,23.034,20.917,18.566,16.125,13.738,11.537,9.6250,8.0710,6.9240,6.2170,5.9770
250|MEII ldcnd01 waveres WindS|1:spd:18|2:Tm:4.028|2:Tp:5.00$22.247,22.441,22.969,23.681,24.347,24.721,24.603,23.900,22.632,20.905,18.871,16.681,14.473,12.355,10.414,8.7290,7.3980,6.5320,6.2290
251|MEII ldcnd01 waveres WindS|1:spd:18|2:Tm:4.431|2:Tp:5.50$19.655,19.934,20.714,21.806,22.927,23.756,24.023,23.596,22.499,20.882,18.947,16.885,14.827,12.844,10.973,9.2730,7.8600,6.9040,6.5640
252|MEII ldcnd01 waveres WindS|1:spd:18|2:Tm:4.834|2:Tp:6.00$18.128,18.511,19.577,21.070,22.617,23.792,24.256,23.849,22.639,20.865,18.822,16.761,14.817,13.008,11.300,9.6970,8.3090,7.3400,6.9890
253|MEII ldcnd01 waveres WindS|1:spd:18|2:Tm:5.236|2:Tp:6.50$17.771,18.250,19.562,21.368,23.177,24.472,24.861,24.208,22.660,20.570,18.341,16.273,14.489,12.940,11.505,10.122,8.8760,7.9790,7.6500
254|MEII ldcnd01 waveres WindS|1:spd:18|2:Tm:5.639|2:Tp:7.00$18.417,18.964,20.443,22.412,24.271,25.429,25.488,24.375,22.350,19.886,17.473,15.440,13.869,12.629,11.514,10.400,9.3450,8.5590,8.2660
255|MEII ldcnd01 waveres WindS|1:spd:18|2:Tm:6.042|2:Tp:7.50$19.969,20.541,22.056,23.986,25.646,26.414,25.926,24.211,21.652,18.829,16.288,14.348,13.028,12.110,11.312,10.464,9.6030,8.9340,8.6800
256|MEII ldcnd01 waveres WindS|1:spd:18|2:Tm:6.445|2:Tp:8.00$22.497,23.020,24.367,25.971,27.125,27.236,26.025,23.642,20.579,17.486,14.918,13.149,12.119,11.535,11.055,10.479,9.8280,9.2920,9.0840
257|MEII ldcnd01 waveres WindS|1:spd:18|2:Tm:6.848|2:Tp:8.50$25.474,25.874,26.863,27.895,28.313,27.614,25.638,22.642,19.197,15.971,13.484,11.942,11.212,10.945,10.767,10.458,10.022,9.6300,9.4720
258|MEII ldcnd01 waveres WindS|1:spd:18|2:Tm:7.251|2:Tp:9.00$28.228,28.452,28.941,29.238,28.809,27.287,24.639,21.202,17.570,14.375,12.067,10.779,10.324,10.326,10.404,10.332,10.098,9.8440,9.7350
259|MEII ldcnd01 waveres WindS|1:spd:18|2:Tm:7.653|2:Tp:9.50$30.073,30.115,30.101,29.688,28.490,26.290,23.163,19.493,15.855,12.813,10.738,9.6970,9.4700,9.6780,9.9530,10.072,10.007,9.8730,9.8080
260|MEII ldcnd01 waveres WindS|1:spd:18|2:Tm:8.056|2:Tp:10.0$30.473,30.374,29.980,29.044,27.318,24.705,21.357,17.670,14.176,11.367,9.5390,8.7130,8.6570,9.0060,9.4130,9.6650,9.7250,9.6820,9.6510
261|MEII ldcnd01 waveres WindS|1:spd:18|2:Tm:8.459|2:Tp:10.5$29.625,29.437,28.798,27.547,25.538,22.757,19.400,15.857,12.604,10.065,8.4770,7.8290,7.8910,8.3230,8.8070,9.1420,9.2860,9.3070,9.3000
262|MEII ldcnd01 waveres WindS|1:spd:18|2:Tm:8.862|2:Tp:11.0$27.995,27.754,26.988,25.589,23.480,20.704,17.475,14.161,11.189,8.9210,7.5470,7.0390,7.1770,7.6500,8.1680,8.5480,8.7430,8.8060,8.8150
263|MEII ldcnd01 waveres WindS|1:spd:18|2:Tm:9.265|2:Tp:11.5$25.916,25.657,24.844,23.415,21.333,18.673,15.653,12.613,9.9300,7.9180,6.7320,6.3310,6.5130,6.9950,7.5170,7.9120,8.1340,8.2230,8.2430
264|MEII ldcnd01 waveres WindS|1:spd:18|2:Tm:9.668|2:Tp:12.0$23.747,23.483,22.674,21.275,19.284,16.789,14.003,11.239,8.8310,7.0490,6.0210,5.7020,5.9060,6.3790,6.8870,7.2810,7.5140,7.6180,7.6450
265|MEII ldcnd01 waveres WindS|1:spd:18|2:Tm:10.07|2:Tp:12.5$21.641,21.385,20.601,19.267,17.395,15.083,12.535,10.033,7.8760,6.2970,5.4010,5.1440,5.3540,5.8060,6.2890,6.6700,6.9050,7.0160,7.0470
266|MEII ldcnd01 waveres WindS|1:spd:18|2:Tm:10.47|2:Tp:13.0$19.667,19.422,18.679,17.424,15.683,13.558,11.238,8.9790,7.0470,5.6440,4.8600,4.6480,4.8550,5.2780,5.7310,6.0930,6.3230,6.4370,6.4690
267|MEII ldcnd01 waveres WindS|1:spd:19|2:Tm:3.222|2:Tp:4.00$32.242,32.334,32.528,32.598,32.271,31.323,29.667,27.375,24.641,21.687,18.718,15.898,13.360,11.207,9.4950,8.2290,7.3770,6.8920,6.7340
268|MEII ldcnd01 waveres WindS|1:spd:19|2:Tm:3.625|2:Tp:4.50$27.416,27.540,27.853,28.193,28.340,28.084,27.294,25.945,24.106,21.898,19.455,16.917,14.429,12.124,10.115,8.4810,7.2750,6.5320,6.2810
269|MEII ldcnd01 waveres WindS|1:spd:19|2:Tm:4.028|2:Tp:5.00$23.452,23.646,24.177,24.882,25.534,25.875,25.712,24.954,23.625,21.826,19.694,17.379,15.022,12.752,10.676,8.8890,7.4910,6.5890,6.2770
270|MEII ldcnd01 waveres WindS|1:spd:19|2:Tm:4.431|2:Tp:5.50$20.584,20.872,21.667,22.778,23.916,24.750,25.009,24.563,23.436,21.767,19.746,17.556,15.338,13.180,11.147,9.3150,7.8080,6.7990,6.4410
271|MEII ldcnd01 waveres WindS|1:spd:19|2:Tm:4.834|2:Tp:6.00$18.850,19.247,20.344,21.886,23.483,24.698,25.183,24.777,23.546,21.718,19.584,17.391,15.277,13.281,11.390,9.6280,8.1180,7.0730,6.6960
272|MEII ldcnd01 waveres WindS|1:spd:19|2:Tm:5.236|2:Tp:6.50$18.356,18.855,20.225,22.113,24.009,25.375,25.808,25.159,23.575,21.410,19.065,16.851,14.900,13.177,11.578,10.056,8.7020,7.7380,7.3850
273|MEII ldcnd01 waveres WindS|1:spd:19|2:Tm:5.639|2:Tp:7.00$18.962,19.539,21.097,23.177,25.153,26.403,26.509,25.386,23.298,20.724,18.170,15.979,14.248,12.859,11.614,10.395,9.2630,8.4290,8.1200
274|MEII ldcnd01 waveres WindS|1:spd:19|2:Tm:6.042|2:Tp:7.50$20.590,21.195,22.806,24.865,26.653,27.509,27.051,25.296,22.636,19.670,16.965,14.860,13.388,12.341,11.436,10.503,9.5810,8.8760,8.6090
275|MEII ldcnd01 waveres WindS|1:spd:19|2:Tm:6.445|2:Tp:8.00$23.291,23.850,25.298,27.033,28.305,28.480,27.261,24.794,21.589,18.320,15.573,13.639,12.469,11.770,11.200,10.551,9.8460,9.2770,9.0570
276|MEII ldcnd01 waveres WindS|1:spd:19|2:Tm:6.848|2:Tp:8.50$26.524,26.959,28.040,29.183,29.687,29.007,26.969,23.839,20.209,16.784,14.109,12.408,11.553,11.187,10.930,10.557,10.071,9.6470,9.4780
277|MEII ldcnd01 waveres WindS|1:spd:19|2:Tm:7.251|2:Tp:9.00$29.610,29.858,30.410,30.770,30.365,28.797,26.027,22.405,18.556,15.145,12.651,11.215,10.651,10.569,10.580,10.452,10.172,9.8870,9.7680
278|MEII ldcnd01 waveres WindS|1:spd:19|2:Tm:7.653|2:Tp:9.50$31.766,31.819,31.829,31.419,30.177,27.864,24.556,20.663,16.785,13.525,11.272,10.098,9.7760,9.9150,10.134,10.204,10.099,9.9370,9.8630
279|MEII ldcnd01 waveres WindS|1:spd:19|2:Tm:8.056|2:Tp:10.0$32.363,32.264,31.854,30.871,29.045,26.268,22.702,18.768,15.031,12.010,10.017,9.0730,8.9360,9.2280,9.5890,9.8010,9.8270,9.7610,9.7220
280|MEII ldcnd01 waveres WindS|1:spd:19|2:Tm:8.459|2:Tp:10.5$31.590,31.388,30.707,29.371,27.223,24.249,20.658,16.864,13.375,10.637,8.8990,8.1460,8.1400,8.5260,8.9720,9.2750,9.3920,9.3950,9.3810
281|MEII ldcnd01 waveres WindS|1:spd:19|2:Tm:8.862|2:Tp:11.0$29.924,29.666,28.841,27.336,25.070,22.090,18.627,15.071,11.877,9.4260,7.9170,7.3170,7.3970,7.8320,8.3200,8.6750,8.8490,8.8980,8.9030
282|MEII ldcnd01 waveres WindS|1:spd:19|2:Tm:9.265|2:Tp:11.5$27.737,27.455,26.580,25.039,22.797,19.937,16.693,13.427,10.540,8.3630,7.0550,6.5740,6.7060,7.1570,7.6560,8.0320,8.2380,8.3170,8.3330
283|MEII ldcnd01 waveres WindS|1:spd:19|2:Tm:9.668|2:Tp:12.0$25.429,25.145,24.270,22.761,20.614,17.929,14.936,11.964,9.3700,7.4400,6.3040,5.9140,6.0760,6.5230,7.0130,7.3930,7.6150,7.7110,7.7350
284|MEII ldcnd01 waveres WindS|1:spd:19|2:Tm:10.07|2:Tp:12.5$23.177,22.900,22.055,20.615,18.598,16.110,13.370,10.678,8.3530,6.6400,5.6480,5.3290,5.5030,5.9340,6.4040,6.7750,7.0010,7.1060,7.1350
285|MEII ldcnd01 waveres WindS|1:spd:19|2:Tm:10.47|2:Tp:13.0$21.065,20.801,19.997,18.643,16.768,14.481,11.984,9.5530,7.4680,5.9450,5.0750,4.8100,4.9860,5.3930,5.8360,6.1900,6.4130,6.5230,6.5540
286|MEII ldcnd01 waveres WindS|1:spd:20|2:Tm:3.222|2:Tp:4.00$34.285,34.370,34.536,34.549,34.122,33.030,31.211,28.771,25.934,22.948,20.016,17.277,14.830,12.745,11.058,9.7770,8.8840,8.3570,8.1810
287|MEII ldcnd01 waveres WindS|1:spd:20|2:Tm:3.625|2:Tp:4.50$29.023,29.143,29.440,29.747,29.836,29.502,28.625,27.202,25.323,23.115,20.707,18.222,15.780,13.494,11.472,9.7980,8.5400,7.7540,7.4860
288|MEII ldcnd01 waveres WindS|1:spd:20|2:Tm:4.028|2:Tp:5.00$24.697,24.892,25.421,26.120,26.750,27.059,26.865,26.097,24.790,23.049,21.004,18.780,16.487,14.229,12.109,10.235,8.7340,7.7500,7.4060
289|MEII ldcnd01 waveres WindS|1:spd:20|2:Tm:4.431|2:Tp:5.50$21.547,21.839,22.646,23.773,24.919,25.754,26.018,25.593,24.513,22.926,21.013,18.931,16.791,14.653,12.570,10.634,9.0040,7.8940,7.4980
290|MEII ldcnd01 waveres WindS|1:spd:20|2:Tm:4.834|2:Tp:6.00$19.597,20.004,21.131,22.711,24.344,25.591,26.104,25.731,24.547,22.785,20.732,18.610,16.534,14.518,12.542,10.647,8.9920,7.8340,7.4140
291|MEII ldcnd01 waveres WindS|1:spd:20|2:Tm:5.236|2:Tp:6.50$18.959,19.476,20.898,22.858,24.830,26.263,26.742,26.124,24.563,22.422,20.100,17.896,15.921,14.115,12.369,10.652,9.1010,7.9870,7.5790
292|MEII ldcnd01 waveres WindS|1:spd:20|2:Tm:5.639|2:Tp:7.00$19.521,20.125,21.757,23.943,26.025,27.363,27.521,26.415,24.313,21.712,19.128,16.900,15.105,13.602,12.184,10.748,9.3980,8.4020,8.0320
293|MEII ldcnd01 waveres WindS|1:spd:20|2:Tm:6.042|2:Tp:7.50$21.216,21.857,23.556,25.738,27.646,28.590,28.167,26.396,23.681,20.645,17.872,15.706,14.167,13.021,11.974,10.865,9.7650,8.9250,8.6090
294|MEII ldcnd01 waveres WindS|1:spd:20|2:Tm:6.445|2:Tp:8.00$24.084,24.681,26.226,28.087,29.474,29.715,28.496,25.965,22.657,19.277,16.433,14.425,13.190,12.413,11.732,10.946,10.099,9.4240,9.1640
295|MEII ldcnd01 waveres WindS|1:spd:20|2:Tm:6.848|2:Tp:8.50$27.573,28.045,29.216,30.469,31.056,30.399,28.309,25.061,21.281,17.705,14.914,13.131,12.214,11.781,11.432,10.941,10.334,9.8170,9.6140
296|MEII ldcnd01 waveres WindS|1:spd:20|2:Tm:7.251|2:Tp:9.00$31.000,31.275,31.889,32.313,31.934,30.323,27.434,23.639,19.597,16.013,13.388,11.869,11.248,11.108,11.038,10.807,10.420,10.054,9.9040
297|MEII ldcnd01 waveres WindS|1:spd:20|2:Tm:7.653|2:Tp:9.50$33.488,33.554,33.587,33.181,31.895,29.468,25.982,21.868,17.770,14.322,11.935,10.680,10.308,10.398,10.548,10.529,10.330,10.096,9.9950
298|MEII ldcnd01 waveres WindS|1:spd:20|2:Tm:8.056|2:Tp:10.0$34.312,34.209,33.785,32.751,30.820,27.875,24.087,19.909,15.937,12.727,10.604,9.5850,9.4040,9.6540,9.9580,10.095,10.042,9.9140,9.8520
299|MEII ldcnd01 waveres WindS|1:spd:20|2:Tm:8.459|2:Tp:10.5$33.634,33.419,32.693,31.267,28.971,25.794,21.961,17.913,14.193,11.273,9.4130,8.5910,8.5470,8.8990,9.2980,9.5400,9.5910,9.5420,9.5090
300|MEII ldcnd01 waveres WindS|1:spd:20|2:Tm:8.862|2:Tp:11.0$31.950,31.672,30.783,29.164,26.730,23.533,19.823,16.021,12.607,9.9860,8.3650,7.7030,7.7510,8.1580,8.6090,8.9130,9.0330,9.0400,9.0280
301|MEII ldcnd01 waveres WindS|1:spd:20|2:Tm:9.265|2:Tp:11.5$29.657,29.353,28.407,26.743,24.330,21.256,17.775,14.278,11.188,8.8560,7.4470,6.9110,7.0150,7.4440,7.9130,8.2480,8.4080,8.4520,8.4540
302|MEII ldcnd01 waveres WindS|1:spd:20|2:Tm:9.668|2:Tp:12.0$27.208,26.900,25.954,24.323,22.011,19.122,15.909,12.723,9.9440,7.8730,6.6460,6.2080,6.3460,6.7760,7.2430,7.5880,7.7720,7.8380,7.8510
303|MEII ldcnd01 waveres WindS|1:spd:20|2:Tm:10.07|2:Tp:12.5$24.806,24.507,23.591,22.037,19.862,17.186,14.242,11.355,8.8610,7.0210,5.9480,5.5860,5.7410,6.1580,6.6090,6.9510,7.1460,7.2260,7.2450
304|MEII ldcnd01 waveres WindS|1:spd:20|2:Tm:10.47|2:Tp:13.0$22.547,22.261,21.393,19.933,17.910,15.449,12.766,10.156,7.9180,6.2810,5.3380,5.0350,5.1950,5.5910,6.0190,6.3500,6.5470,6.6350,6.6580
305|MEII ldcnd01 waveres WindS|1:spd:21|2:Tm:3.222|2:Tp:4.00$36.439,36.516,36.653,36.603,36.069,34.827,32.827,30.202,27.212,24.127,21.153,18.417,15.989,13.905,12.183,10.830,9.8490,9.2520,9.0530
306|MEII ldcnd01 waveres WindS|1:spd:21|2:Tm:3.625|2:Tp:4.50$30.714,30.829,31.110,31.379,31.407,30.990,30.025,28.537,26.632,24.447,22.097,19.671,17.250,14.927,12.798,10.969,9.5480,8.6390,8.3270
307|MEII ldcnd01 waveres WindS|1:spd:21|2:Tm:4.028|2:Tp:5.00$26.007,26.202,26.729,27.416,28.021,28.296,28.072,27.298,26.021,24.341,22.363,20.179,17.875,15.541,13.289,11.254,9.6010,8.5070,8.1240
308|MEII ldcnd01 waveres WindS|1:spd:21|2:Tm:4.431|2:Tp:5.50$22.561,22.856,23.673,24.806,25.952,26.784,27.048,26.638,25.587,24.024,22.105,19.972,17.729,15.460,13.250,11.215,9.5220,8.3820,7.9780
309|MEII ldcnd01 waveres WindS|1:spd:21|2:Tm:4.834|2:Tp:6.00$20.384,20.798,21.947,23.552,25.211,26.479,27.017,26.687,25.558,23.844,21.806,19.648,17.486,15.357,13.275,11.306,9.6130,8.4410,8.0200
310|MEII ldcnd01 waveres WindS|1:spd:21|2:Tm:5.236|2:Tp:6.50$19.590,20.124,21.590,23.608,25.643,27.131,27.658,27.089,25.577,23.471,21.152,18.902,16.829,14.895,13.017,11.189,9.5580,8.3970,7.9740
311|MEII ldcnd01 waveres WindS|1:spd:21|2:Tm:5.639|2:Tp:7.00$20.096,20.724,22.426,24.704,26.884,28.302,28.517,27.441,25.351,22.739,20.111,17.799,15.885,14.237,12.667,11.093,9.6330,8.5660,8.1720
312|MEII ldcnd01 waveres WindS|1:spd:21|2:Tm:6.042|2:Tp:7.50$21.847,22.518,24.302,26.599,28.620,29.649,29.268,27.497,24.750,21.656,18.806,16.544,14.890,13.618,12.443,11.216,10.020,9.1170,8.7790
313|MEII ldcnd01 waveres WindS|1:spd:21|2:Tm:6.445|2:Tp:8.00$24.867,25.499,27.139,29.125,30.622,30.931,29.719,27.142,23.750,20.271,17.323,15.213,13.877,12.998,12.216,11.335,10.411,9.6820,9.4040
314|MEII ldcnd01 waveres WindS|1:spd:21|2:Tm:6.848|2:Tp:8.50$28.608,29.114,30.378,31.742,32.416,31.784,29.649,26.297,22.382,18.667,15.750,13.862,12.853,12.334,11.901,11.330,10.654,10.089,9.8690
315|MEII ldcnd01 waveres WindS|1:spd:21|2:Tm:7.251|2:Tp:9.00$32.388,32.688,33.369,33.862,33.511,31.858,28.858,24.898,20.672,16.917,14.155,12.530,11.826,11.614,11.473,11.172,10.725,10.316,10.151
316|MEII ldcnd01 waveres WindS|1:spd:21|2:Tm:7.653|2:Tp:9.50$35.233,35.311,35.369,34.973,33.645,31.105,27.440,23.108,18.791,15.154,12.623,11.267,10.823,10.852,10.944,10.866,10.615,10.345,10.230
317|MEII ldcnd01 waveres WindS|1:spd:21|2:Tm:8.056|2:Tp:10.0$36.314,36.210,35.771,34.689,32.652,29.533,25.518,21.090,16.882,13.477,11.214,10.101,9.8570,10.059,10.315,10.404,10.308,10.149,10.076
318|MEII ldcnd01 waveres WindS|1:spd:21|2:Tm:8.459|2:Tp:10.5$35.768,35.539,34.764,33.243,30.792,27.403,23.316,19.007,15.049,11.941,9.9480,9.0420,8.9450,9.2570,9.6190,9.8230,9.8380,9.7640,9.7220
319|MEII ldcnd01 waveres WindS|1:spd:21|2:Tm:8.862|2:Tp:11.0$34.084,33.784,32.827,31.087,28.472,25.045,21.077,17.016,13.374,10.577,8.8350,8.0980,8.1010,8.4770,8.8980,9.1720,9.2630,9.2490,9.2300
320|MEII ldcnd01 waveres WindS|1:spd:21|2:Tm:9.265|2:Tp:11.5$31.693,31.364,30.341,28.546,25.947,22.643,18.914,15.171,11.870,9.3760,7.8580,7.2560,7.3230,7.7270,8.1730,8.4840,8.6220,8.6480,8.6450
321|MEII ldcnd01 waveres WindS|1:spd:21|2:Tm:9.668|2:Tp:12.0$29.100,28.767,27.743,25.982,23.488,20.382,16.934,13.522,10.549,8.3310,7.0070,6.5120,6.6180,7.0280,7.4770,7.8030,7.9690,8.0220,8.0300
322|MEII ldcnd01 waveres WindS|1:spd:21|2:Tm:10.07|2:Tp:12.5$26.542,26.216,25.226,23.547,21.202,18.322,15.162,12.068,9.3980,7.4250,6.2650,5.8520,5.9810,6.3830,6.8200,7.1480,7.3280,7.3970,7.4120
323|MEII ldcnd01 waveres WindS|1:spd:21|2:Tm:10.47|2:Tp:13.0$24.129,23.820,22.881,21.302,19.122,16.473,13.591,10.792,8.3950,6.6370,5.6160,5.2690,5.4080,5.7920,6.2100,6.5290,6.7140,6.7930,6.8120
324|MEII ldcnd01 waveres WindS|1:spd:22|2:Tm:3.222|2:Tp:4.00$38.620,38.689,38.796,38.681,38.036,36.639,34.456,31.655,28.534,25.398,22.462,19.832,17.525,15.532,13.830,12.423,11.346,10.659,10.424
325|MEII ldcnd01 waveres WindS|1:spd:22|2:Tm:3.625|2:Tp:4.50$32.425,32.535,32.798,33.029,32.993,32.487,31.423,29.841,27.875,25.676,23.356,20.983,18.610,16.292,14.113,12.184,10.645,9.6420,9.2940
326|MEII ldcnd01 waveres WindS|1:spd:22|2:Tm:4.028|2:Tp:5.00$27.333,27.527,28.049,28.722,29.299,29.530,29.247,28.398,27.028,25.245,23.157,20.868,18.469,16.062,13.758,11.694,10.031,8.9380,8.5570
327|MEII ldcnd01 waveres WindS|1:spd:22|2:Tm:4.431|2:Tp:5.50$23.584,23.882,24.705,25.841,26.983,27.799,28.042,27.601,26.513,24.900,22.923,20.719,18.398,16.044,13.749,11.640,9.8930,8.7190,8.3040
328|MEII ldcnd01 waveres WindS|1:spd:22|2:Tm:4.834|2:Tp:6.00$21.177,21.598,22.761,24.384,26.055,27.332,27.882,27.572,26.475,24.799,22.789,20.631,18.422,16.191,13.964,11.829,9.9840,8.7040,8.2440
329|MEII ldcnd01 waveres WindS|1:spd:22|2:Tm:5.236|2:Tp:6.50$20.225,20.771,22.270,24.336,26.417,27.945,28.510,27.980,26.511,24.448,22.162,19.912,17.785,15.733,13.678,11.641,9.8120,8.5090,8.0340
330|MEII ldcnd01 waveres WindS|1:spd:22|2:Tm:5.639|2:Tp:7.00$20.666,21.315,23.073,25.429,27.691,29.177,29.440,28.393,26.315,23.704,21.065,18.718,16.724,14.935,13.165,11.356,9.6710,8.4400,7.9860
331|MEII ldcnd01 waveres WindS|1:spd:22|2:Tm:6.042|2:Tp:7.50$22.461,23.159,25.020,27.417,29.540,30.645,30.302,28.530,25.750,22.610,19.705,17.375,15.620,14.189,12.791,11.299,9.8460,8.7550,8.3480
332|MEII ldcnd01 waveres WindS|1:spd:22|2:Tm:6.445|2:Tp:8.00$25.621,26.287,28.017,30.117,31.719,32.090,30.885,28.260,24.787,21.214,18.177,15.982,14.542,13.513,12.524,11.396,10.228,9.3210,8.9770
333|MEII ldcnd01 waveres WindS|1:spd:22|2:Tm:6.848|2:Tp:8.50$29.603,30.143,31.496,32.969,33.726,33.120,30.941,27.486,23.434,19.584,16.554,14.573,13.472,12.833,12.234,11.463,10.590,9.8800,9.6050
334|MEII ldcnd01 waveres WindS|1:spd:22|2:Tm:7.251|2:Tp:9.00$33.733,34.060,34.806,35.368,35.047,33.359,30.246,26.121,21.711,17.787,14.894,13.175,12.391,12.084,11.813,11.353,10.747,10.219,10.010
335|MEII ldcnd01 waveres WindS|1:spd:22|2:Tm:7.653|2:Tp:9.50$36.941,37.032,37.119,36.736,35.368,32.717,28.875,24.326,19.785,15.959,13.290,11.843,11.329,11.281,11.265,11.055,10.671,10.300,10.148
336|MEII ldcnd01 waveres WindS|1:spd:22|2:Tm:8.056|2:Tp:10.0$38.303,38.196,37.745,36.616,34.473,31.181,26.940,22.257,17.809,14.209,11.809,10.611,10.308,10.444,10.611,10.587,10.376,10.131,10.025
337|MEII ldcnd01 waveres WindS|1:spd:22|2:Tm:8.459|2:Tp:10.5$37.912,37.669,36.848,35.230,32.623,29.017,24.673,20.097,15.896,12.597,10.476,9.4930,9.3450,9.6030,9.8890,9.9960,9.9130,9.7650,9.6950
338|MEII ldcnd01 waveres WindS|1:spd:22|2:Tm:8.862|2:Tp:11.0$36.251,35.929,34.901,33.034,30.235,26.573,22.339,18.011,14.137,11.160,9.3010,8.4960,8.4550,8.7860,9.1440,9.3360,9.3420,9.2650,9.2220
339|MEII ldcnd01 waveres WindS|1:spd:22|2:Tm:9.265|2:Tp:11.5$33.771,33.417,32.313,30.381,27.589,24.051,20.063,16.069,12.550,9.8920,8.2680,7.6060,7.6370,8.0040,8.3970,8.6380,8.7040,8.6750,8.6510
340|MEII ldcnd01 waveres WindS|1:spd:22|2:Tm:9.668|2:Tp:12.0$31.038,30.677,29.572,27.674,24.993,21.662,17.969,14.325,11.153,8.7870,7.3670,6.8190,6.8960,7.2760,7.6800,7.9480,8.0520,8.0580,8.0470
341|MEII ldcnd01 waveres WindS|1:spd:22|2:Tm:10.07|2:Tp:12.5$28.323,27.972,26.903,25.091,22.570,19.479,16.094,12.786,9.9340,7.8270,6.5810,6.1230,6.2270,6.6040,7.0050,7.2830,7.4100,7.4380,7.4380
342|MEII ldcnd01 waveres WindS|1:spd:22|2:Tm:10.47|2:Tp:13.0$25.754,25.420,24.407,22.705,20.361,17.516,14.429,11.435,8.8720,6.9930,5.8950,5.5080,5.6250,5.9900,6.3770,6.6550,6.7940,6.8380,6.8440
343|MEII ldcnd01 waveres WindS|1:spd:23|2:Tm:3.222|2:Tp:4.00$40.915,40.973,41.047,40.865,40.105,38.549,36.181,33.188,29.885,26.572,23.452,20.618,18.098,15.899,14.032,12.515,11.382,10.674,10.431
344|MEII ldcnd01 waveres WindS|1:spd:23|2:Tm:3.625|2:Tp:4.50$34.223,34.327,34.570,34.762,34.659,34.063,32.901,31.223,29.163,26.858,24.407,21.868,19.302,16.792,14.456,12.425,10.837,9.8170,9.4640
345|MEII ldcnd01 waveres WindS|1:spd:23|2:Tm:4.028|2:Tp:5.00$28.725,28.917,29.434,30.091,30.638,30.827,30.500,29.607,28.194,26.353,24.183,21.782,19.250,16.705,14.285,12.144,10.442,9.3360,8.9510
346|MEII ldcnd01 waveres WindS|1:spd:23|2:Tm:4.431|2:Tp:5.50$24.660,24.959,25.785,26.920,28.054,28.857,29.087,28.636,27.530,25.879,23.827,21.513,19.059,16.580,14.194,12.044,10.298,9.1420,8.7350
347|MEII ldcnd01 waveres WindS|1:spd:23|2:Tm:4.834|2:Tp:6.00$22.007,22.431,23.603,25.237,26.914,28.195,28.749,28.443,27.334,25.618,23.524,21.245,18.905,16.569,14.294,12.181,10.402,9.1900,8.7570
348|MEII ldcnd01 waveres WindS|1:spd:23|2:Tm:5.236|2:Tp:6.50$20.881,21.434,22.958,25.056,27.172,28.732,29.325,28.816,27.347,25.246,22.871,20.493,18.233,16.082,14.002,12.022,10.296,9.0890,8.6520
349|MEII ldcnd01 waveres WindS|1:spd:23|2:Tm:5.639|2:Tp:7.00$21.242,21.906,23.709,26.128,28.457,30.003,30.311,29.289,27.207,24.551,21.820,19.344,17.219,15.339,13.550,11.797,10.211,9.0700,8.6520
350|MEII ldcnd01 waveres WindS|1:spd:23|2:Tm:6.042|2:Tp:7.50$23.066,23.789,25.715,28.202,30.416,31.591,31.289,29.518,26.701,23.483,20.472,18.018,16.150,14.644,13.231,11.780,10.398,9.3700,8.9880
351|MEII ldcnd01 waveres WindS|1:spd:23|2:Tm:6.445|2:Tp:8.00$26.360,27.056,28.868,31.077,32.779,33.212,32.016,29.348,25.784,22.091,18.924,16.604,15.065,13.977,12.976,11.876,10.757,9.8920,9.5650
352|MEII ldcnd01 waveres WindS|1:spd:23|2:Tm:6.848|2:Tp:8.50$30.584,31.158,32.597,34.174,35.014,34.438,32.217,28.659,24.462,20.451,17.264,15.154,13.962,13.273,12.666,11.917,11.081,10.402,10.140
353|MEII ldcnd01 waveres WindS|1:spd:23|2:Tm:7.251|2:Tp:9.00$35.076,35.430,36.242,36.873,36.584,34.860,31.638,27.344,22.736,18.617,15.554,13.708,12.841,12.492,12.216,11.776,11.200,10.699,10.500
354|MEII ldcnd01 waveres WindS|1:spd:23|2:Tm:7.653|2:Tp:9.50$38.671,38.777,38.891,38.521,37.113,34.354,30.333,25.556,20.780,16.737,13.895,12.325,11.739,11.658,11.641,11.450,11.092,10.744,10.600
355|MEII ldcnd01 waveres WindS|1:spd:23|2:Tm:8.056|2:Tp:10.0$40.347,40.240,39.775,38.595,36.342,32.875,28.398,23.452,18.746,14.924,12.357,11.047,10.681,10.793,10.961,10.955,10.767,10.542,10.443
356|MEII ldcnd01 waveres WindS|1:spd:23|2:Tm:8.459|2:Tp:10.5$40.150,39.890,39.015,37.294,34.521,30.690,26.077,21.218,16.757,13.244,10.967,9.8860,9.6850,9.9250,10.215,10.339,10.277,10.145,10.081
357|MEII ldcnd01 waveres WindS|1:spd:23|2:Tm:8.862|2:Tp:11.0$38.533,38.186,37.081,35.077,32.080,28.167,23.650,19.044,14.917,11.740,9.7390,8.8470,8.7630,9.0810,9.4450,9.6530,9.6790,9.6160,9.5780
358|MEII ldcnd01 waveres WindS|1:spd:23|2:Tm:9.265|2:Tp:11.5$35.976,35.591,34.400,32.318,29.319,25.527,21.264,17.000,13.248,10.406,8.6550,7.9180,7.9130,8.2710,8.6720,8.9290,9.0130,8.9980,8.9790
359|MEII ldcnd01 waveres WindS|1:spd:23|2:Tm:9.668|2:Tp:12.0$33.104,32.713,31.517,29.469,26.583,23.007,19.056,15.162,11.775,9.2410,7.7080,7.0940,7.1410,7.5170,7.9310,8.2140,8.3350,8.3530,8.3470
360|MEII ldcnd01 waveres WindS|1:spd:23|2:Tm:10.07|2:Tp:12.5$30.226,29.846,28.688,26.733,24.017,20.698,17.073,13.536,10.488,8.2290,6.8820,6.3670,6.4460,6.8210,7.2320,7.5260,7.6680,7.7080,7.7110
361|MEII ldcnd01 waveres WindS|1:spd:23|2:Tm:10.47|2:Tp:13.0$27.493,27.129,26.034,24.198,21.673,18.618,15.310,12.106,9.3650,7.3500,6.1620,5.7240,5.8210,6.1860,6.5840,6.8760,7.0290,7.0830,7.0930
362|MEII ldcnd01 waveres WindS|1:spd:24|2:Tm:3.222|2:Tp:4.00$43.233,43.283,43.323,43.070,42.195,40.479,37.917,34.727,31.245,27.791,24.569,21.658,19.068,16.792,14.831,13.213,11.986,11.210,10.941
363|MEII ldcnd01 waveres WindS|1:spd:24|2:Tm:3.625|2:Tp:4.50$36.040,36.139,36.362,36.513,36.342,35.657,34.389,32.606,30.462,28.104,25.622,23.061,20.461,17.886,15.449,13.291,11.576,10.463,10.074
364|MEII ldcnd01 waveres WindS|1:spd:24|2:Tm:4.028|2:Tp:5.00$30.129,30.323,30.833,31.476,31.993,32.143,31.768,30.834,29.405,27.584,25.469,23.132,20.642,18.084,15.583,13.298,11.434,10.199,9.7640
365|MEII ldcnd01 waveres WindS|1:spd:24|2:Tm:4.431|2:Tp:5.50$25.745,26.046,26.872,28.009,29.138,29.930,30.148,29.698,28.625,27.062,25.146,22.992,20.674,18.254,15.824,13.530,11.596,10.283,9.8140
366|MEII ldcnd01 waveres WindS|1:spd:24|2:Tm:4.834|2:Tp:6.00$22.843,23.268,24.448,26.091,27.777,29.062,29.615,29.312,28.225,26.561,24.556,22.393,20.159,17.882,15.593,13.391,11.487,10.168,9.6920
367|MEII ldcnd01 waveres WindS|1:spd:24|2:Tm:5.236|2:Tp:6.50$21.532,22.091,23.632,25.754,27.899,29.486,30.099,29.604,28.155,26.090,23.778,21.485,19.304,17.202,15.117,13.075,11.258,9.9710,9.5020
368|MEII ldcnd01 waveres WindS|1:spd:24|2:Tm:5.639|2:Tp:7.00$21.798,22.475,24.311,26.781,29.166,30.764,31.110,30.112,28.049,25.421,22.738,20.325,18.254,16.392,14.565,12.718,11.012,9.7710,9.3140
369|MEII ldcnd01 waveres WindS|1:spd:24|2:Tm:6.042|2:Tp:7.50$23.636,24.378,26.360,28.926,31.222,32.466,32.201,30.436,27.608,24.381,21.372,18.934,17.066,15.523,14.009,12.402,10.846,9.6810,9.2460
370|MEII ldcnd01 waveres WindS|1:spd:24|2:Tm:6.445|2:Tp:8.00$27.042,27.766,29.655,31.965,33.763,34.261,33.080,30.375,26.750,22.995,19.784,17.438,15.869,14.714,13.584,12.300,10.983,9.9650,9.5800
371|MEII ldcnd01 waveres WindS|1:spd:24|2:Tm:6.848|2:Tp:8.50$31.490,32.096,33.618,35.299,36.226,35.683,33.431,29.782,25.465,21.341,18.073,15.918,14.688,13.934,13.206,12.284,11.259,10.434,10.117
372|MEII ldcnd01 waveres WindS|1:spd:24|2:Tm:7.251|2:Tp:9.00$36.332,36.713,37.591,38.294,38.044,36.296,32.977,28.528,23.746,19.473,16.305,14.402,13.499,13.098,12.722,12.134,11.395,10.766,10.519
373|MEII ldcnd01 waveres WindS|1:spd:24|2:Tm:7.653|2:Tp:9.50$40.317,40.437,40.585,40.233,38.798,35.939,31.750,26.761,21.766,17.542,14.581,12.950,12.332,12.210,12.113,11.801,11.308,10.853,10.669
374|MEII ldcnd01 waveres WindS|1:spd:24|2:Tm:8.056|2:Tp:10.0$42.327,42.221,41.744,40.522,38.169,34.534,29.830,24.629,19.681,15.667,12.976,11.607,11.214,11.293,11.397,11.290,10.989,10.674,10.542
375|MEII ldcnd01 waveres WindS|1:spd:24|2:Tm:8.459|2:Tp:10.5$42.355,42.081,41.155,39.334,36.401,32.347,27.469,22.333,17.622,13.918,11.523,10.386,10.162,10.375,10.612,10.651,10.492,10.283,10.191
376|MEII ldcnd01 waveres WindS|1:spd:24|2:Tm:8.862|2:Tp:11.0$40.812,40.439,39.257,37.117,33.922,29.759,24.962,20.073,15.702,12.343,10.232,9.2900,9.1870,9.4840,9.8030,9.9390,9.8810,9.7510,9.6880
377|MEII ldcnd01 waveres WindS|1:spd:24|2:Tm:9.265|2:Tp:11.5$38.195,37.782,36.500,34.264,31.055,27.007,22.468,17.936,13.953,10.942,9.0900,8.3080,8.2870,8.6300,8.9930,9.1880,9.2000,9.1270,9.0860
378|MEII ldcnd01 waveres WindS|1:spd:24|2:Tm:9.668|2:Tp:12.0$35.194,34.772,33.481,31.280,28.186,24.364,20.150,16.003,12.403,9.7150,8.0910,7.4370,7.4720,7.8350,8.2180,8.4490,8.5070,8.4750,8.4500
379|MEII ldcnd01 waveres WindS|1:spd:24|2:Tm:10.07|2:Tp:12.5$32.157,31.746,30.497,28.393,25.480,21.929,18.059,14.290,11.048,8.6490,7.2200,6.6690,6.7380,7.1040,7.4900,7.7380,7.8270,7.8230,7.8100
380|MEII ldcnd01 waveres WindS|1:spd:24|2:Tm:10.47|2:Tp:13.0$29.259,28.868,27.686,25.709,23.000,19.731,16.198,12.783,9.8650,7.7230,6.4610,5.9920,6.0810,6.4390,6.8150,7.0690,7.1760,7.1920,7.1870
381|MEII ldcnd01 waveres WindS|1:spd:25|2:Tm:3.222|2:Tp:4.00$45.667,45.706,45.710,45.384,44.389,42.520,39.813,36.539,33.070,29.729,26.672,23.907,21.374,19.018,16.851,14.943,13.418,12.419,12.065
382|MEII ldcnd01 waveres WindS|1:spd:25|2:Tm:3.625|2:Tp:4.50$37.945,38.039,38.242,38.349,38.112,37.341,36.004,34.202,32.116,29.888,27.570,25.146,22.593,19.938,17.295,14.849,12.837,11.501,11.028
383|MEII ldcnd01 waveres WindS|1:spd:25|2:Tm:4.028|2:Tp:5.00$31.604,31.795,32.299,32.928,33.419,33.539,33.150,32.247,30.909,29.232,27.273,25.049,22.579,19.917,17.194,14.618,12.460,11.007,10.491
384|MEII ldcnd01 waveres WindS|1:spd:25|2:Tm:4.431|2:Tp:5.50$26.882,27.184,28.014,29.153,30.280,31.073,31.305,30.891,29.875,28.370,26.485,24.301,21.879,19.285,16.638,14.122,11.997,10.555,10.041
385|MEII ldcnd01 waveres WindS|1:spd:25|2:Tm:4.834|2:Tp:6.00$23.716,24.146,25.333,26.986,28.683,29.983,30.565,30.296,29.243,27.590,25.549,23.285,20.892,18.417,15.924,13.546,11.512,10.114,9.6120
386|MEII ldcnd01 waveres WindS|1:spd:25|2:Tm:5.236|2:Tp:6.50$22.208,22.773,24.326,26.469,28.641,30.260,30.914,30.461,29.035,26.950,24.546,22.080,19.669,17.313,15.000,12.786,10.863,9.5230,9.0380
387|MEII ldcnd01 waveres WindS|1:spd:25|2:Tm:5.639|2:Tp:7.00$22.367,23.054,24.917,27.429,29.865,31.517,31.916,30.959,28.906,26.225,23.399,20.753,18.382,16.208,14.108,12.064,10.240,8.9430,8.4700
388|MEII ldcnd01 waveres WindS|1:spd:25|2:Tm:6.042|2:Tp:7.50$24.205,24.966,26.999,29.638,32.013,33.327,33.115,31.375,28.528,25.216,22.041,19.349,17.165,15.286,13.467,11.620,9.9000,8.6450,8.1810
389|MEII ldcnd01 waveres WindS|1:spd:25|2:Tm:6.445|2:Tp:8.00$27.711,28.462,30.427,32.837,34.733,35.301,34.152,31.433,27.743,23.868,20.474,17.881,16.013,14.533,13.088,11.531,10.005,8.8570,8.4270
390|MEII ldcnd01 waveres WindS|1:spd:25|2:Tm:6.848|2:Tp:8.50$32.376,33.014,34.622,36.410,37.426,36.930,34.664,30.941,26.504,22.221,18.760,16.372,14.877,13.828,12.798,11.595,10.341,9.3640,8.9940
391|MEII ldcnd01 waveres WindS|1:spd:25|2:Tm:7.251|2:Tp:9.00$37.571,37.980,38.930,39.713,39.509,37.747,34.345,29.757,24.798,20.330,16.959,14.843,13.708,13.053,12.411,11.569,10.616,9.8440,9.5470
392|MEII ldcnd01 waveres WindS|1:spd:25|2:Tm:7.653|2:Tp:9.50$41.962,42.098,42.285,41.959,40.502,37.555,33.209,28.014,22.798,18.355,15.190,13.363,12.544,12.209,11.890,11.364,10.692,10.116,9.8900
393|MEII ldcnd01 waveres WindS|1:spd:25|2:Tm:8.056|2:Tp:10.0$44.339,44.233,43.750,42.488,40.041,36.240,31.315,25.862,20.662,16.420,13.532,11.984,11.419,11.319,11.237,10.952,10.501,10.085,9.9170
394|MEII ldcnd01 waveres WindS|1:spd:25|2:Tm:8.459|2:Tp:10.5$44.624,44.335,43.361,41.439,38.344,34.066,28.920,23.504,18.532,14.603,12.023,10.727,10.354,10.415,10.494,10.380,10.092,9.7960,9.6730
395|MEII ldcnd01 waveres WindS|1:spd:25|2:Tm:8.862|2:Tp:11.0$43.181,42.785,41.521,39.241,35.841,31.420,26.334,21.160,16.531,12.959,10.678,9.5970,9.3650,9.5320,9.7150,9.7180,9.5470,9.3410,9.2510
396|MEII ldcnd01 waveres WindS|1:spd:25|2:Tm:9.265|2:Tp:11.5$40.521,40.077,38.700,36.306,32.875,28.562,23.733,18.924,14.696,11.489,9.4850,8.5810,8.4500,8.6810,8.9280,9.0080,8.9220,8.7820,8.7170
397|MEII ldcnd01 waveres WindS|1:spd:25|2:Tm:9.668|2:Tp:12.0$37.396,36.942,35.551,33.186,29.872,25.790,21.301,16.893,13.068,10.201,8.4400,7.6800,7.6200,7.8880,8.1710,8.3030,8.2760,8.1860,8.1400
398|MEII ldcnd01 waveres WindS|1:spd:25|2:Tm:10.07|2:Tp:12.5$34.198,33.755,32.409,30.146,27.021,23.226,19.100,15.090,11.641,9.0800,7.5300,6.8850,6.8730,7.1580,7.4580,7.6200,7.6350,7.5800,7.5490
399|MEII ldcnd01 waveres WindS|1:spd:25|2:Tm:10.47|2:Tp:13.0$31.128,30.705,29.431,27.308,24.402,20.905,17.136,13.501,10.396,8.1070,6.7370,6.1860,6.2050,6.4920,6.7950,6.9740,7.0160,6.9860,6.9650
400|MEII ldcnd01 waveres WindS|1:spd:26|2:Tm:3.222|2:Tp:4.00$48.122,48.152,48.119,47.719,46.596,44.533,41.551,37.918,34.025,30.236,26.778,23.731,21.082,18.795,16.848,15.249,14.039,13.277,13.015
401|MEII ldcnd01 waveres WindS|1:spd:26|2:Tm:3.625|2:Tp:4.50$39.868,39.955,40.138,40.202,39.890,39.001,37.464,35.354,32.837,30.093,27.256,24.409,21.622,18.976,16.565,14.504,12.914,11.906,11.559
402|MEII ldcnd01 waveres WindS|1:spd:26|2:Tm:4.028|2:Tp:5.00$33.091,33.280,33.782,34.396,34.861,34.930,34.448,33.380,31.790,29.788,27.478,24.945,22.278,19.579,16.978,14.643,12.765,11.537,11.109
403|MEII ldcnd01 waveres WindS|1:spd:26|2:Tm:4.431|2:Tp:5.50$28.030,28.334,29.171,30.313,31.441,32.224,32.421,31.927,30.784,29.115,27.068,24.766,22.299,19.747,17.211,14.847,12.876,11.551,11.082
404|MEII ldcnd01 waveres WindS|1:spd:26|2:Tm:4.834|2:Tp:6.00$24.601,25.034,26.231,27.899,29.613,30.924,31.499,31.191,30.073,28.350,26.267,24.017,21.702,19.353,17.000,14.751,12.814,11.477,10.997
405|MEII ldcnd01 waveres WindS|1:spd:26|2:Tm:5.236|2:Tp:6.50$22.891,23.462,25.031,27.200,29.402,31.052,31.723,31.263,29.811,27.705,25.323,22.941,20.674,18.497,16.356,14.279,12.445,11.153,10.684
406|MEII ldcnd01 waveres WindS|1:spd:26|2:Tm:5.639|2:Tp:7.00$22.934,23.629,25.523,28.079,30.568,32.272,32.708,31.763,29.698,27.011,24.218,21.663,19.444,17.455,15.536,13.639,11.917,10.676,10.220
407|MEII ldcnd01 waveres WindS|1:spd:26|2:Tm:6.042|2:Tp:7.50$24.756,25.535,27.618,30.330,32.785,34.172,34.002,32.268,29.396,26.059,22.884,20.240,18.162,16.424,14.754,13.035,11.409,10.208,9.7620
408|MEII ldcnd01 waveres WindS|1:spd:26|2:Tm:6.445|2:Tp:8.00$28.341,29.121,31.159,33.668,35.667,36.310,35.188,32.445,28.695,24.752,21.313,18.715,16.884,15.466,14.083,12.569,11.065,9.9240,9.4950
409|MEII ldcnd01 waveres WindS|1:spd:26|2:Tm:6.848|2:Tp:8.50$33.207,33.876,35.570,37.466,38.581,38.137,35.859,32.063,27.516,23.121,19.573,17.138,15.622,14.560,13.498,12.237,10.911,9.8750,9.4820
410|MEII ldcnd01 waveres WindS|1:spd:26|2:Tm:7.251|2:Tp:9.00$38.744,39.182,40.206,41.074,40.926,39.160,35.681,30.958,25.834,21.218,17.736,15.552,14.375,13.673,12.952,11.995,10.918,10.048,9.7140
411|MEII ldcnd01 waveres WindS|1:spd:26|2:Tm:7.653|2:Tp:9.50$43.541,43.695,43.924,43.632,42.167,39.143,34.646,29.254,23.827,19.205,15.917,14.022,13.163,12.779,12.373,11.722,10.912,10.229,9.9620
412|MEII ldcnd01 waveres WindS|1:spd:26|2:Tm:8.056|2:Tp:10.0$46.296,46.193,45.709,44.418,41.884,37.930,32.790,27.087,21.649,17.214,14.201,12.589,11.991,11.852,11.694,11.296,10.719,10.205,9.9990
413|MEII ldcnd01 waveres WindS|1:spd:26|2:Tm:8.459|2:Tp:10.5$46.860,46.560,45.540,43.527,40.277,35.780,30.372,24.677,19.451,15.327,12.626,11.273,10.876,10.909,10.928,10.720,10.326,9.9470,9.7920
414|MEII ldcnd01 waveres WindS|1:spd:26|2:Tm:8.862|2:Tp:11.0$45.541,45.118,43.779,41.362,37.764,33.089,27.716,22.252,17.371,13.611,11.217,10.085,9.8340,9.9800,10.117,10.043,9.7850,9.5090,9.3920
415|MEII ldcnd01 waveres WindS|1:spd:26|2:Tm:9.265|2:Tp:11.5$42.855,42.380,40.910,38.358,34.709,30.129,25.011,19.920,15.453,12.071,9.9630,9.0140,8.8680,9.0830,9.2910,9.3070,9.1460,8.9460,8.8580
416|MEII ldcnd01 waveres WindS|1:spd:26|2:Tm:9.668|2:Tp:12.0$39.618,39.131,37.641,35.112,31.577,27.233,22.466,17.794,13.746,10.719,8.8640,8.0640,7.9910,8.2470,8.4970,8.5720,8.4790,8.3350,8.2690
417|MEII ldcnd01 waveres WindS|1:spd:26|2:Tm:10.07|2:Tp:12.5$36.264,35.787,34.344,31.922,28.584,24.541,20.156,15.901,12.248,9.5420,7.9070,7.2270,7.2040,7.4780,7.7480,7.8610,7.8160,7.7130,7.6640
418|MEII ldcnd01 waveres WindS|1:spd:26|2:Tm:10.47|2:Tp:13.0$33.023,32.570,31.204,28.929,25.825,22.098,18.090,14.231,10.940,8.5190,7.0730,6.4900,6.5000,6.7790,7.0550,7.1890,7.1770,7.1050,7.0680
419|MEII ldcnd01 waveres WindS|1:spd:27|2:Tm:3.222|2:Tp:4.00$50.695,50.714,50.644,50.162,48.901,46.625,43.365,39.408,35.188,31.122,27.474,24.346,21.725,19.552,17.766,16.336,15.267,14.595,14.364
420|MEII ldcnd01 waveres WindS|1:spd:27|2:Tm:3.625|2:Tp:4.50$41.881,41.963,42.124,42.143,41.752,40.744,39.048,36.741,34.006,31.044,28.011,25.021,22.163,19.523,17.191,15.256,13.799,12.892,12.582
421|MEII ldcnd01 waveres WindS|1:spd:27|2:Tm:4.028|2:Tp:5.00$34.647,34.838,35.334,35.937,36.375,36.403,35.862,34.709,32.998,30.830,28.320,25.577,22.726,19.910,17.285,15.013,13.247,12.122,11.734
422|MEII ldcnd01 waveres WindS|1:spd:27|2:Tm:4.431|2:Tp:5.50$29.233,29.542,30.386,31.537,32.669,33.452,33.634,33.092,31.839,29.982,27.674,25.077,22.341,19.605,17.011,14.716,12.889,11.700,11.285
423|MEII ldcnd01 waveres WindS|1:spd:27|2:Tm:4.834|2:Tp:6.00$25.527,25.965,27.176,28.865,30.601,31.937,32.514,32.160,30.903,28.929,26.503,23.874,21.231,18.684,16.315,14.212,12.514,11.391,10.995
424|MEII ldcnd01 waveres WindS|1:spd:27|2:Tm:5.236|2:Tp:6.50$23.603,24.181,25.771,27.972,30.215,31.909,32.608,32.129,30.573,28.259,25.579,22.863,20.304,17.950,15.789,13.840,12.216,11.111,10.715
425|MEII ldcnd01 waveres WindS|1:spd:27|2:Tm:5.639|2:Tp:7.00$23.511,24.219,26.143,28.750,31.302,33.073,33.560,32.627,30.510,27.688,24.687,21.893,19.457,17.327,15.375,13.549,11.957,10.836,10.429
426|MEII ldcnd01 waveres WindS|1:spd:27|2:Tm:6.042|2:Tp:7.50$25.295,26.091,28.226,31.014,33.558,35.028,34.919,33.202,30.285,26.830,23.482,20.643,18.386,16.528,14.822,13.145,11.606,10.487,10.074
427|MEII ldcnd01 waveres WindS|1:spd:27|2:Tm:6.445|2:Tp:8.00$28.938,29.743,31.857,34.471,36.577,37.310,36.236,33.485,29.657,25.569,21.931,19.110,17.066,15.487,14.013,12.480,11.006,9.9060,9.4960
428|MEII ldcnd01 waveres WindS|1:spd:27|2:Tm:6.848|2:Tp:8.50$33.983,34.686,36.467,38.483,39.706,39.331,37.063,33.210,28.538,23.952,20.165,17.462,15.681,14.388,13.155,11.790,10.418,9.3710,8.9770
429|MEII ldcnd01 waveres WindS|1:spd:27|2:Tm:7.251|2:Tp:9.00$39.855,40.325,41.429,42.393,42.318,40.567,37.035,32.188,26.886,22.045,18.309,15.852,14.401,13.440,12.497,11.368,10.174,9.2400,8.8850
430|MEII ldcnd01 waveres WindS|1:spd:27|2:Tm:7.653|2:Tp:9.50$45.064,45.242,45.521,45.278,43.820,40.735,36.108,30.527,24.875,20.011,16.475,14.333,13.226,12.596,11.958,11.102,10.132,9.3490,9.0480
431|MEII ldcnd01 waveres WindS|1:spd:27|2:Tm:8.056|2:Tp:10.0$48.227,48.130,47.653,46.342,43.737,39.641,34.299,28.355,22.658,17.974,14.730,12.903,12.095,11.744,11.375,10.781,10.044,9.4240,9.1820
432|MEII ldcnd01 waveres WindS|1:spd:27|2:Tm:8.459|2:Tp:10.5$49.108,48.797,47.737,45.638,42.241,37.535,31.868,25.893,20.395,16.025,13.112,11.573,11.001,10.860,10.706,10.335,9.8060,9.3380,9.1510
433|MEII ldcnd01 waveres WindS|1:spd:27|2:Tm:8.862|2:Tp:11.0$47.945,47.500,46.085,43.535,39.738,34.808,29.149,23.391,18.237,14.243,11.656,10.361,9.9650,9.9690,9.9640,9.7580,9.3910,9.0420,8.9000
434|MEII ldcnd01 waveres WindS|1:spd:27|2:Tm:9.265|2:Tp:11.5$45.259,44.754,43.188,40.476,36.605,31.754,26.343,20.962,16.237,12.638,10.356,9.2660,8.9950,9.0900,9.1800,9.0850,8.8320,8.5710,8.4620
435|MEII ldcnd01 waveres WindS|1:spd:27|2:Tm:9.668|2:Tp:12.0$41.926,41.404,39.812,37.112,33.349,28.738,23.686,18.739,14.450,11.225,9.2160,8.2920,8.1120,8.2630,8.4110,8.3890,8.2140,8.0160,7.9310
436|MEII ldcnd01 waveres WindS|1:spd:27|2:Tm:10.07|2:Tp:12.5$38.421,37.910,36.362,33.773,30.216,25.916,21.261,16.753,12.880,9.9950,8.2220,7.4340,7.3170,7.5000,7.6800,7.7050,7.5860,7.4340,7.3670
437|MEII ldcnd01 waveres WindS|1:spd:27|2:Tm:10.47|2:Tp:13.0$35.007,34.521,33.056,30.622,27.312,23.346,19.090,14.998,11.506,8.9250,7.3560,6.6770,6.6060,6.8040,7.0000,7.0550,6.9770,6.8590,6.8060
438|MEII ldcnd01 waveres WindS|1:spd:28|2:Tm:3.222|2:Tp:4.00$53.287,53.296,53.187,52.625,51.237,48.805,45.382,41.289,36.981,32.880,29.233,26.118,23.497,21.297,19.461,17.971,16.851,16.148,15.905
439|MEII ldcnd01 waveres WindS|1:spd:28|2:Tm:3.625|2:Tp:4.50$43.908,43.984,44.123,44.099,43.650,42.589,40.866,38.569,35.867,32.931,29.892,26.837,23.858,21.069,18.591,16.548,15.035,14.111,13.800
440|MEII ldcnd01 waveres WindS|1:spd:28|2:Tm:4.028|2:Tp:5.00$36.216,36.405,36.900,37.492,37.919,37.952,37.438,36.326,34.644,32.462,29.870,26.981,23.945,20.947,18.186,15.848,14.085,12.992,12.621
441|MEII ldcnd01 waveres WindS|1:spd:28|2:Tm:4.431|2:Tp:5.50$30.445,30.757,31.611,32.775,33.928,34.750,34.998,34.537,33.356,31.525,29.169,26.438,23.506,20.555,17.774,15.355,13.473,12.274,11.860
442|MEII ldcnd01 waveres WindS|1:spd:28|2:Tm:4.834|2:Tp:6.00$26.459,26.903,28.131,29.844,31.620,33.012,33.672,33.414,32.240,30.302,27.837,25.086,22.252,19.490,16.924,14.682,12.908,11.756,11.354
443|MEII ldcnd01 waveres WindS|1:spd:28|2:Tm:5.236|2:Tp:6.50$24.318,24.903,26.516,28.754,31.049,32.817,33.609,33.230,31.757,29.472,26.738,23.884,21.118,18.539,16.177,14.087,12.387,11.254,10.852
444|MEII ldcnd01 waveres WindS|1:spd:28|2:Tm:5.639|2:Tp:7.00$24.080,24.799,26.759,29.419,32.042,33.901,34.492,33.660,31.608,28.783,25.683,22.694,19.997,17.596,15.420,13.449,11.790,10.652,10.243
445|MEII ldcnd01 waveres WindS|1:spd:28|2:Tm:6.042|2:Tp:7.50$25.809,26.622,28.806,31.671,34.306,35.879,35.874,34.241,31.357,27.844,24.329,21.219,18.632,16.452,14.493,12.666,11.072,9.9490,9.5410
446|MEII ldcnd01 waveres WindS|1:spd:28|2:Tm:6.445|2:Tp:8.00$29.489,30.320,32.505,35.222,37.441,38.279,37.293,34.592,30.754,26.569,22.733,19.625,17.245,15.338,13.604,11.908,10.361,9.2420,8.8310
447|MEII ldcnd01 waveres WindS|1:spd:28|2:Tm:6.848|2:Tp:8.50$34.696,35.431,37.301,39.431,40.770,40.483,38.264,34.410,29.677,24.965,20.978,18.010,15.925,14.329,12.837,11.283,9.7970,8.6960,8.2860
448|MEII ldcnd01 waveres WindS|1:spd:28|2:Tm:7.251|2:Tp:9.00$40.889,41.390,42.575,43.638,43.644,41.930,38.377,33.460,28.042,23.040,19.096,16.386,14.649,13.393,12.178,10.827,9.4760,8.4500,8.0660
449|MEII ldcnd01 waveres WindS|1:spd:28|2:Tm:7.653|2:Tp:9.50$46.507,46.707,47.041,46.851,45.410,42.286,37.563,31.837,26.011,20.954,17.201,14.810,13.426,12.505,11.586,10.487,9.3340,8.4380,8.0990
450|MEII ldcnd01 waveres WindS|1:spd:28|2:Tm:8.056|2:Tp:10.0$50.084,49.995,49.529,48.209,45.542,41.325,35.806,29.655,23.742,18.844,15.383,13.325,12.264,11.647,11.019,10.196,9.2810,8.5500,8.2700
451|MEII ldcnd01 waveres WindS|1:spd:28|2:Tm:8.459|2:Tp:10.5$51.305,50.984,49.889,47.709,44.175,39.275,33.369,27.145,21.403,16.815,13.697,11.952,11.165,10.800,10.427,9.8620,9.1840,8.6210,8.4020
452|MEII ldcnd01 waveres WindS|1:spd:28|2:Tm:8.862|2:Tp:11.0$50.323,49.855,48.368,45.688,41.700,36.526,30.591,24.562,19.160,14.952,12.178,10.705,10.128,9.9470,9.7630,9.3980,8.9070,8.4810,8.3120
453|MEII ldcnd01 waveres WindS|1:spd:28|2:Tm:9.265|2:Tp:11.5$47.660,47.124,45.464,42.591,38.500,33.386,27.690,22.037,17.070,13.271,10.821,9.5750,9.1510,9.0910,9.0300,8.8010,8.4420,8.1150,7.9830
454|MEII ldcnd01 waveres WindS|1:spd:28|2:Tm:9.668|2:Tp:12.0$44.248,43.691,41.993,39.123,35.131,30.252,24.921,19.712,15.199,11.790,9.6300,8.5700,8.2570,8.2750,8.2910,8.1520,7.8860,7.6290,7.5240
455|MEII ldcnd01 waveres WindS|1:spd:28|2:Tm:10.07|2:Tp:12.5$40.599,40.053,38.401,35.640,31.860,27.302,22.385,17.632,13.550,10.499,8.5910,7.6830,7.4510,7.5170,7.5810,7.5020,7.3020,7.0970,7.0120
456|MEII ldcnd01 waveres WindS|1:spd:28|2:Tm:10.47|2:Tp:13.0$37.016,36.497,34.930,32.334,28.813,24.607,20.107,15.789,12.107,9.3750,7.6850,6.9010,6.7280,6.8240,6.9170,6.8800,6.7280,6.5640,6.4940
