#pds_CompDrive_inv_RouteOpt.bash_MEII_ldcnd01_Swell_R_x_MinSpd5_MaxSpd28_MinTm4_MaxTm13 exp6 gam5 Hs1 DeltaSpd1 DeltaDm10 DeltaTm0.5
$1:spd:24|min:5|max:28|delta:1|0
$2:Tm:19|min:0|max:0|delta:0|0
$2:Tp:19|min:4|max:13|delta:0.5|0
$3:Dm:19|min:0|max:180|delta:10|1
1|MEII ldcnd01 waveres Swell|1:spd:5|2:Tm:3.433|2:Tp:4.00$9.0500,9.2280,9.7070,10.347,10.998,11.544,11.913,12.048,11.888,11.381,10.513,9.3320,7.9470,6.4990,5.1340,3.9760,3.1100,2.5800,2.4010
2|MEII ldcnd01 waveres Swell|1:spd:5|2:Tm:3.862|2:Tp:4.50$8.7530,8.9320,9.4250,10.119,10.868,11.528,11.974,12.113,11.895,11.322,10.445,9.3520,8.1420,6.9160,5.7620,4.7640,3.9960,3.5130,3.3480
3|MEII ldcnd01 waveres Swell|1:spd:5|2:Tm:4.291|2:Tp:5.00$8.6430,8.8890,9.5780,10.564,11.626,12.505,12.981,12.942,12.422,11.563,10.536,9.4700,8.4200,7.4010,6.4310,5.5590,4.8630,4.4150,4.2600
4|MEII ldcnd01 waveres Swell|1:spd:5|2:Tm:4.720|2:Tp:5.50$9.1100,9.5890,10.915,12.748,14.558,15.758,15.948,15.110,13.596,11.912,10.445,9.3210,8.4460,7.6630,6.8890,6.1460,5.5200,5.1060,4.9620
5|MEII ldcnd01 waveres Swell|1:spd:5|2:Tm:5.149|2:Tp:6.00$9.3840,9.8660,11.202,13.052,14.863,16.009,16.056,14.990,13.226,11.367,9.8770,8.8920,8.2580,7.7310,7.1590,6.5420,5.9840,5.6010,5.4660
6|MEII ldcnd01 waveres Swell|1:spd:5|2:Tm:5.579|2:Tp:6.50$9.6600,9.9910,10.924,12.248,13.575,14.420,14.400,13.456,11.908,10.287,9.0420,8.3180,7.9560,7.6790,7.2970,6.8020,6.3120,5.9620,5.8370
7|MEII ldcnd01 waveres Swell|1:spd:5|2:Tm:6.008|2:Tp:7.00$10.226,10.485,11.225,12.286,13.335,13.917,13.667,12.541,10.889,9.2760,8.1610,7.6640,7.5690,7.5340,7.3360,6.9590,6.5350,6.2190,6.1040
8|MEII ldcnd01 waveres Swell|1:spd:5|2:Tm:6.437|2:Tp:7.50$10.260,10.529,11.277,12.303,13.228,13.590,13.061,11.677,9.8670,8.2420,7.2580,6.9870,7.1510,7.3530,7.3290,7.0510,6.6640,6.3470,6.2270
9|MEII ldcnd01 waveres Swell|1:spd:5|2:Tm:6.866|2:Tp:8.00$10.275,10.561,11.329,12.306,13.063,13.149,12.312,10.686,8.7710,7.1870,6.3550,6.3000,6.7010,7.1330,7.3020,7.1560,6.8330,6.5340,6.4160
10|MEII ldcnd01 waveres Swell|1:spd:5|2:Tm:7.295|2:Tp:8.50$10.947,11.194,11.829,12.548,12.931,12.597,11.409,9.5860,7.6450,6.1590,5.4820,5.6020,6.1980,6.8500,7.2560,7.3290,7.1720,6.9710,6.8840
11|MEII ldcnd01 waveres Swell|1:spd:5|2:Tm:7.724|2:Tp:9.00$11.733,11.907,12.321,12.687,12.641,11.902,10.433,8.5050,6.6110,5.2510,4.7100,4.9510,5.6740,6.4920,7.1060,7.4010,7.4390,7.3660,7.3230
12|MEII ldcnd01 waveres Swell|1:spd:5|2:Tm:8.154|2:Tp:9.50$12.292,12.364,12.496,12.464,12.004,10.944,9.3200,7.4120,5.6500,4.4450,4.0170,4.3210,5.0940,6.0000,6.7620,7.2500,7.4770,7.5430,7.5510
13|MEII ldcnd01 waveres Swell|1:spd:5|2:Tm:8.583|2:Tp:10.0$12.425,12.407,12.295,11.938,11.168,9.9040,8.2330,6.4170,4.8200,3.7690,3.4320,3.7620,4.5380,5.4730,6.3200,6.9400,7.3130,7.4910,7.5400
14|MEII ldcnd01 waveres Swell|1:spd:5|2:Tm:9.012|2:Tp:10.5$11.949,11.874,11.610,11.064,10.143,8.8240,7.2130,5.5480,4.1290,3.2210,2.9530,3.2820,4.0230,4.9330,5.7940,6.4710,6.9220,7.1650,7.2400
15|MEII ldcnd01 waveres Swell|1:spd:5|2:Tm:9.441|2:Tp:11.0$11.103,10.995,10.650,10.016,9.0500,7.7690,6.2820,4.7930,3.5540,2.7760,2.5630,2.8760,3.5610,4.4130,5.2430,5.9240,6.4030,6.6780,6.7660
16|MEII ldcnd01 waveres Swell|1:spd:5|2:Tm:9.870|2:Tp:11.5$10.104,9.9830,9.6090,8.9590,8.0200,6.8260,5.4840,4.1710,3.0950,2.4300,2.2610,2.5540,3.1780,3.9580,4.7310,5.3810,5.8520,6.1290,6.2200
17|MEII ldcnd01 waveres Swell|1:spd:5|2:Tm:10.29|2:Tp:12.0$9.0270,8.9070,8.5420,7.9240,7.0580,5.9850,4.8010,3.6590,2.7320,2.1690,2.0380,2.3100,2.8720,3.5730,4.2710,4.8620,5.2950,5.5530,5.6380
18|MEII ldcnd01 waveres Swell|1:spd:5|2:Tm:10.72|2:Tp:12.5$8.0080,7.8950,7.5540,6.9870,6.2080,5.2590,4.2270,3.2430,2.4540,1.9870,1.8980,2.1580,2.6690,3.2940,3.9110,4.4300,4.8060,5.0300,5.1030
19|MEII ldcnd01 waveres Swell|1:spd:5|2:Tm:11.15|2:Tp:13.0$7.0950,6.9920,6.6840,6.1760,5.4880,4.6610,3.7700,2.9310,2.2710,1.8970,1.8570,2.1220,2.5950,3.1530,3.6860,4.1180,4.4200,4.5930,4.6490
20|MEII ldcnd01 waveres Swell|1:spd:6|2:Tm:3.433|2:Tp:4.00$10.002,10.173,10.628,11.220,11.798,12.258,12.534,12.559,12.249,11.534,10.412,8.9810,7.4120,5.8860,4.5460,3.4730,2.7000,2.2370,2.0830
21|MEII ldcnd01 waveres Swell|1:spd:6|2:Tm:3.862|2:Tp:4.50$9.4370,9.5820,9.9820,10.545,11.164,11.734,12.148,12.296,12.081,11.464,10.487,9.2600,7.9260,6.6130,5.4190,4.4140,3.6540,3.1800,3.0200
22|MEII ldcnd01 waveres Swell|1:spd:6|2:Tm:4.291|2:Tp:5.00$9.0030,9.1440,9.5480,10.159,10.889,11.605,12.141,12.336,12.099,11.452,10.513,9.4280,8.3130,7.2280,6.2110,5.3110,4.6000,4.1440,3.9880
23|MEII ldcnd01 waveres Swell|1:spd:6|2:Tm:4.720|2:Tp:5.50$8.9090,9.0520,9.4770,10.153,10.988,11.802,12.362,12.470,12.070,11.278,10.305,9.3350,8.4380,7.5930,6.7660,5.9850,5.3360,4.9080,4.7600
24|MEII ldcnd01 waveres Swell|1:spd:6|2:Tm:5.149|2:Tp:6.00$9.3290,9.5110,10.041,10.855,11.793,12.596,12.979,12.765,11.997,10.925,9.8610,8.9970,8.3310,7.7360,7.1070,6.4480,5.8610,5.4620,5.3220
25|MEII ldcnd01 waveres Swell|1:spd:6|2:Tm:5.579|2:Tp:6.50$10.018,10.228,10.836,11.738,12.708,13.409,13.516,12.898,11.717,10.364,9.2320,8.4990,8.0770,7.7340,7.2990,6.7620,6.2410,5.8730,5.7420
26|MEII ldcnd01 waveres Swell|1:spd:6|2:Tm:6.008|2:Tp:7.00$10.592,10.791,11.369,12.229,13.119,13.658,13.493,12.533,11.041,9.5180,8.4100,7.8670,7.7110,7.6230,7.3800,6.9660,6.5140,6.1800,6.0580
27|MEII ldcnd01 waveres Swell|1:spd:6|2:Tm:6.437|2:Tp:7.50$10.642,10.870,11.511,12.406,13.236,13.578,13.109,11.825,10.099,8.5050,7.4990,7.1810,7.2980,7.4610,7.4030,7.0950,6.6800,6.3460,6.2200
28|MEII ldcnd01 waveres Swell|1:spd:6|2:Tm:6.866|2:Tp:8.00$10.748,11.005,11.696,12.579,13.259,13.313,12.494,10.909,9.0220,7.4330,6.5690,6.4730,6.8420,7.2490,7.3950,7.2250,6.8790,6.5630,6.4390
29|MEII ldcnd01 waveres Swell|1:spd:6|2:Tm:7.295|2:Tp:8.50$11.542,11.767,12.342,12.978,13.277,12.882,11.664,9.8320,7.8810,6.3710,5.6620,5.7520,6.3280,6.9690,7.3610,7.4160,7.2400,7.0230,6.9300
30|MEII ldcnd01 waveres Swell|1:spd:6|2:Tm:7.724|2:Tp:9.00$12.443,12.597,12.953,13.233,13.087,12.258,10.722,8.7490,6.8220,5.4300,4.8590,5.0790,5.7930,6.6080,7.2170,7.5020,7.5240,7.4390,7.3910
31|MEII ldcnd01 waveres Swell|1:spd:6|2:Tm:8.154|2:Tp:9.50$13.097,13.146,13.211,13.076,12.494,11.319,9.6040,7.6330,5.8290,4.5920,4.1400,4.4290,5.2000,6.1100,6.8740,7.3580,7.5760,7.6330,7.6380
32|MEII ldcnd01 waveres Swell|1:spd:6|2:Tm:8.583|2:Tp:10.0$13.280,13.236,13.046,12.571,11.663,10.270,8.4970,6.6110,4.9700,3.8900,3.5330,3.8540,4.6320,5.5750,6.4290,7.0510,7.4200,7.5940,7.6410
33|MEII ldcnd01 waveres Swell|1:spd:6|2:Tm:9.012|2:Tp:10.5$12.787,12.684,12.339,11.672,10.610,9.1600,7.4480,5.7140,4.2550,3.3220,3.0390,3.3620,4.1070,5.0260,5.8970,6.5790,7.0310,7.2730,7.3470
34|MEII ldcnd01 waveres Swell|1:spd:6|2:Tm:9.441|2:Tp:11.0$11.883,11.747,11.322,10.570,9.4710,8.0650,6.4830,4.9330,3.6580,2.8610,2.6360,2.9470,3.6370,4.4990,5.3400,6.0290,6.5110,6.7860,6.8740
35|MEII ldcnd01 waveres Swell|1:spd:6|2:Tm:9.870|2:Tp:11.5$10.808,10.660,10.212,9.4510,8.3890,7.0830,5.6550,4.2880,3.1820,2.5020,2.3270,2.6210,3.2520,4.0440,4.8280,5.4870,5.9610,6.2400,6.3310
36|MEII ldcnd01 waveres Swell|1:spd:6|2:Tm:10.29|2:Tp:12.0$9.6450,9.5010,9.0690,8.3520,7.3760,6.2020,4.9430,3.7540,2.8050,2.2320,2.1010,2.3770,2.9490,3.6620,4.3700,4.9690,5.4050,5.6640,5.7490
37|MEII ldcnd01 waveres Swell|1:spd:6|2:Tm:10.72|2:Tp:12.5$8.5470,8.4120,8.0100,7.3550,6.4770,5.4400,4.3420,3.3190,2.5140,2.0440,1.9580,2.2270,2.7470,3.3820,4.0050,4.5270,4.9060,5.1300,5.2030
38|MEII ldcnd01 waveres Swell|1:spd:6|2:Tm:11.15|2:Tp:13.0$7.5630,7.4410,7.0780,6.4910,5.7150,4.8080,3.8610,2.9900,2.3200,1.9490,1.9190,2.1910,2.6700,3.2290,3.7580,4.1870,4.4880,4.6610,4.7170
39|MEII ldcnd01 waveres Swell|1:spd:7|2:Tm:3.433|2:Tp:4.00$11.053,11.227,11.681,12.254,12.783,13.165,13.353,13.294,12.908,12.112,10.886,9.3200,7.5930,5.9170,4.4660,3.3400,2.5660,2.1220,1.9770
40|MEII ldcnd01 waveres Swell|1:spd:7|2:Tm:3.862|2:Tp:4.50$10.266,10.414,10.818,11.375,11.966,12.484,12.830,12.904,12.618,11.929,10.867,9.5360,8.0790,6.6400,5.3390,4.2660,3.4750,2.9960,2.8350
41|MEII ldcnd01 waveres Swell|1:spd:7|2:Tm:4.291|2:Tp:5.00$9.6700,9.8210,10.247,10.874,11.594,12.263,12.720,12.822,12.501,11.786,10.790,9.6450,8.4520,7.2760,6.1690,5.1980,4.4430,3.9680,3.8060
42|MEII ldcnd01 waveres Swell|1:spd:7|2:Tm:4.720|2:Tp:5.50$9.5360,9.7020,10.186,10.930,11.811,12.629,13.142,13.162,12.654,11.752,10.679,9.6150,8.6260,7.6880,6.7740,5.9220,5.2260,4.7750,4.6190
43|MEII ldcnd01 waveres Swell|1:spd:7|2:Tm:5.149|2:Tp:6.00$10.268,10.496,11.137,12.057,13.035,13.788,14.045,13.665,12.726,11.500,10.302,9.3230,8.5550,7.8670,7.1540,6.4270,5.7950,5.3710,5.2230
44|MEII ldcnd01 waveres Swell|1:spd:7|2:Tm:5.579|2:Tp:6.50$11.129,11.398,12.140,13.164,14.160,14.767,14.690,13.852,12.464,10.937,9.6660,8.8240,8.3100,7.8850,7.3750,6.7770,6.2120,5.8200,5.6820
45|MEII ldcnd01 waveres Swell|1:spd:7|2:Tm:6.008|2:Tp:7.00$11.376,11.619,12.309,13.293,14.262,14.797,14.546,13.436,11.768,10.075,8.8260,8.1770,7.9410,7.7870,7.4840,7.0160,6.5250,6.1670,6.0380
46|MEII ldcnd01 waveres Swell|1:spd:7|2:Tm:6.437|2:Tp:7.50$11.275,11.541,12.286,13.311,14.247,14.628,14.110,12.697,10.797,9.0270,7.8790,7.4640,7.5160,7.6300,7.5260,7.1750,6.7250,6.3690,6.2350
47|MEII ldcnd01 waveres Swell|1:spd:7|2:Tm:6.866|2:Tp:8.00$11.427,11.723,12.517,13.527,14.305,14.383,13.492,11.754,9.6740,7.9030,6.9010,6.7210,7.0430,7.4180,7.5320,7.3280,6.9510,6.6150,6.4830
48|MEII ldcnd01 waveres Swell|1:spd:7|2:Tm:7.295|2:Tp:8.50$12.342,12.604,13.269,14.008,14.369,13.956,12.627,10.614,8.4610,6.7740,5.9410,5.9640,6.5090,7.1320,7.5050,7.5350,7.3330,7.0970,6.9980
49|MEII ldcnd01 waveres Swell|1:spd:7|2:Tm:7.724|2:Tp:9.00$13.363,13.546,13.971,14.317,14.190,13.298,11.618,9.4510,7.3240,5.7690,5.0910,5.2580,5.9540,6.7640,7.3630,7.6310,7.6330,7.5320,7.4780
50|MEII ldcnd01 waveres Swell|1:spd:7|2:Tm:8.154|2:Tp:9.50$14.112,14.178,14.279,14.165,13.555,12.281,10.406,8.2420,6.2540,4.8730,4.3310,4.5800,5.3430,6.2540,7.0180,7.4930,7.6980,7.7440,7.7440
51|MEII ldcnd01 waveres Swell|1:spd:7|2:Tm:8.583|2:Tp:10.0$14.340,14.301,14.118,13.625,12.653,11.138,9.1990,7.1320,5.3260,4.1230,3.6920,3.9820,4.7580,5.7080,6.5680,7.1890,7.5520,7.7180,7.7630
52|MEII ldcnd01 waveres Swell|1:spd:7|2:Tm:9.012|2:Tp:10.5$13.816,13.711,13.354,12.646,11.502,9.9240,8.0540,6.1570,4.5540,3.5160,3.1730,3.4730,4.2190,5.1490,6.0300,6.7160,7.1660,7.4050,7.4780
53|MEII ldcnd01 waveres Swell|1:spd:7|2:Tm:9.441|2:Tp:11.0$12.836,12.694,12.245,11.442,10.255,8.7270,7.0000,5.3070,3.9090,3.0250,2.7520,3.0460,3.7420,4.6180,5.4720,6.1680,6.6530,6.9270,7.0140
54|MEII ldcnd01 waveres Swell|1:spd:7|2:Tm:9.870|2:Tp:11.5$11.666,11.511,11.034,10.220,9.0710,7.6510,6.0960,4.6040,3.3940,2.6430,2.4310,2.7170,3.3600,4.1710,4.9730,5.6420,6.1200,6.3990,6.4890
55|MEII ldcnd01 waveres Swell|1:spd:7|2:Tm:10.29|2:Tp:12.0$10.400,10.247,9.7870,9.0180,7.9630,6.6880,5.3170,4.0210,2.9850,2.3550,2.1970,2.4750,3.0650,3.8040,4.5340,5.1470,5.5870,5.8450,5.9290
56|MEII ldcnd01 waveres Swell|1:spd:7|2:Tm:10.72|2:Tp:12.5$9.2040,9.0610,8.6330,7.9290,6.9800,5.8530,4.6580,3.5440,2.6670,2.1510,2.0480,2.3220,2.8620,3.5230,4.1690,4.7060,5.0890,5.3130,5.3860
57|MEII ldcnd01 waveres Swell|1:spd:7|2:Tm:11.15|2:Tp:13.0$8.1350,8.0050,7.6170,6.9870,6.1460,5.1600,4.1270,3.1780,2.4480,2.0420,1.9970,2.2730,2.7650,3.3410,3.8860,4.3270,4.6340,4.8100,4.8670
58|MEII ldcnd01 waveres Swell|1:spd:8|2:Tm:3.433|2:Tp:4.00$12.142,12.318,12.770,13.323,13.805,14.125,14.255,14.153,13.721,12.839,11.465,9.7060,7.8030,6.0270,4.5750,3.5190,2.8330,2.4540,2.3340
59|MEII ldcnd01 waveres Swell|1:spd:8|2:Tm:3.862|2:Tp:4.50$11.085,11.236,11.646,12.201,12.778,13.270,13.583,13.621,13.282,12.508,11.320,9.8380,8.2440,6.7190,5.3940,4.3410,3.5880,3.1380,2.9880
60|MEII ldcnd01 waveres Swell|1:spd:8|2:Tm:4.291|2:Tp:5.00$10.228,10.388,10.840,11.503,12.257,12.947,13.403,13.477,13.095,12.287,11.174,9.9050,8.6070,7.3610,6.2230,5.2490,4.5020,4.0330,3.8740
61|MEII ldcnd01 waveres Swell|1:spd:8|2:Tm:4.720|2:Tp:5.50$9.8300,10.017,10.565,11.411,12.416,13.346,13.926,13.948,13.373,12.353,11.136,9.9340,8.8310,7.8130,6.8540,5.9810,5.2750,4.8190,4.6620
62|MEII ldcnd01 waveres Swell|1:spd:8|2:Tm:5.149|2:Tp:6.00$10.105,10.376,11.149,12.280,13.512,14.497,14.898,14.541,13.518,12.147,10.790,9.6680,8.7870,8.0200,7.2550,6.4980,5.8460,5.4120,5.2610
63|MEII ldcnd01 waveres Swell|1:spd:8|2:Tm:5.579|2:Tp:6.50$10.743,11.067,11.975,13.264,14.575,15.465,15.557,14.739,13.251,11.566,10.136,9.1620,8.5490,8.0530,7.4940,6.8610,6.2730,5.8680,5.7250
64|MEII ldcnd01 waveres Swell|1:spd:8|2:Tm:6.008|2:Tp:7.00$11.310,11.597,12.419,13.611,14.824,15.573,15.438,14.318,12.535,10.679,9.2720,8.5000,8.1790,7.9660,7.6200,7.1200,6.6040,6.2300,6.0960
65|MEII ldcnd01 waveres Swell|1:spd:8|2:Tm:6.437|2:Tp:7.50$11.467,11.773,12.634,13.837,14.970,15.508,15.051,13.583,11.539,9.5940,8.2890,7.7610,7.7440,7.8150,7.6800,7.3000,6.8260,6.4530,6.3140
66|MEII ldcnd01 waveres Swell|1:spd:8|2:Tm:6.866|2:Tp:8.00$11.788,12.125,13.037,14.213,15.161,15.352,14.469,12.629,10.375,8.4160,7.2630,6.9850,7.2560,7.6040,7.6980,7.4710,7.0730,6.7210,6.5830
67|MEII ldcnd01 waveres Swell|1:spd:8|2:Tm:7.295|2:Tp:8.50$12.897,13.197,13.966,14.843,15.327,14.966,13.589,11.434,9.0890,7.2170,6.2480,6.1910,6.7030,7.3130,7.6750,7.6900,7.4690,7.2180,7.1130
68|MEII ldcnd01 waveres Swell|1:spd:8|2:Tm:7.724|2:Tp:9.00$14.099,14.312,14.817,15.259,15.198,14.301,12.527,10.193,7.8720,6.1440,5.3470,5.4520,6.1280,6.9350,7.5340,7.7920,7.7800,7.6640,7.6050
69|MEII ldcnd01 waveres Swell|1:spd:8|2:Tm:8.154|2:Tp:9.50$14.993,15.076,15.221,15.151,14.550,13.222,11.223,8.8880,6.7180,5.1850,4.5430,4.7450,5.4970,6.4140,7.1830,7.6550,7.8510,7.8870,7.8820
70|MEII ldcnd01 waveres Swell|1:spd:8|2:Tm:8.583|2:Tp:10.0$15.301,15.269,15.097,14.603,13.595,11.993,9.9170,7.6840,5.7150,4.3810,3.8690,4.1230,4.8950,5.8560,6.7260,7.3500,7.7080,7.8680,7.9090
71|MEII ldcnd01 waveres Swell|1:spd:8|2:Tm:9.012|2:Tp:10.5$14.773,14.666,14.299,13.563,12.359,10.681,8.6750,6.6260,4.8800,3.7330,3.3220,3.5960,4.3440,5.2870,6.1810,6.8740,7.3220,7.5570,7.6270
72|MEII ldcnd01 waveres Swell|1:spd:8|2:Tm:9.441|2:Tp:11.0$13.733,13.584,13.115,12.269,11.012,9.3830,7.5310,5.7030,4.1840,3.2080,2.8820,3.1590,3.8610,4.7540,5.6220,6.3260,6.8090,7.0790,7.1640
73|MEII ldcnd01 waveres Swell|1:spd:8|2:Tm:9.870|2:Tp:11.5$12.479,12.315,11.813,10.951,9.7320,8.2160,6.5480,4.9390,3.6270,2.8020,2.5500,2.8290,3.4860,4.3190,5.1370,5.8110,6.2840,6.5540,6.6410
74|MEII ldcnd01 waveres Swell|1:spd:8|2:Tm:10.29|2:Tp:12.0$11.115,10.954,10.467,9.6530,8.5320,7.1710,5.7020,4.3060,3.1840,2.4950,2.3110,2.5930,3.2060,3.9700,4.7170,5.3310,5.7600,6.0030,6.0810
75|MEII ldcnd01 waveres Swell|1:spd:8|2:Tm:10.72|2:Tp:12.5$9.8270,9.6760,9.2230,8.4770,7.4680,6.2650,4.9840,3.7850,2.8360,2.2730,2.1530,2.4360,3.0020,3.6890,4.3510,4.8860,5.2560,5.4630,5.5290
76|MEII ldcnd01 waveres Swell|1:spd:8|2:Tm:11.15|2:Tp:13.0$8.6770,8.5400,8.1290,7.4600,6.5660,5.5120,4.4040,3.3810,2.5900,2.1440,2.0840,2.3660,2.8750,3.4710,4.0290,4.4700,4.7680,4.9340,4.9860
77|MEII ldcnd01 waveres Swell|1:spd:9|2:Tm:3.433|2:Tp:4.00$13.313,13.491,13.941,14.472,14.913,15.207,15.376,15.405,15.152,14.396,12.992,11.003,8.7190,6.5260,4.7350,3.4780,2.7150,2.3250,2.2080
78|MEII ldcnd01 waveres Swell|1:spd:9|2:Tm:3.862|2:Tp:4.50$11.968,12.119,12.526,13.071,13.633,14.120,14.460,14.558,14.289,13.541,12.289,10.635,8.7880,6.9900,5.4370,4.2380,3.4150,2.9420,2.7890
79|MEII ldcnd01 waveres Swell|1:spd:9|2:Tm:4.291|2:Tp:5.00$10.842,11.000,11.451,12.123,12.902,13.636,14.148,14.270,13.906,13.067,11.861,10.446,8.9670,7.5350,6.2360,5.1450,4.3300,3.8300,3.6620
80|MEII ldcnd01 waveres Swell|1:spd:9|2:Tm:4.720|2:Tp:5.50$10.184,10.364,10.905,11.781,12.879,13.958,14.702,14.842,14.299,13.215,11.862,10.483,9.1960,8.0080,6.9050,5.9270,5.1550,4.6670,4.5000
81|MEII ldcnd01 waveres Swell|1:spd:9|2:Tm:5.149|2:Tp:6.00$10.050,10.271,10.938,12.018,13.343,14.573,15.290,15.207,14.328,12.950,11.478,10.194,9.1460,8.2280,7.3380,6.4870,5.7770,5.3120,5.1510
82|MEII ldcnd01 waveres Swell|1:spd:9|2:Tm:5.579|2:Tp:6.50$10.491,10.743,11.496,12.685,14.072,15.228,15.687,15.200,13.903,12.250,10.738,9.6330,8.8850,8.2660,7.6010,6.8870,6.2450,5.8110,5.6590
83|MEII ldcnd01 waveres Swell|1:spd:9|2:Tm:6.008|2:Tp:7.00$11.332,11.592,12.364,13.561,14.888,15.845,15.942,14.990,13.260,11.349,9.8280,8.9300,8.4950,8.1850,7.7540,7.1850,6.6190,6.2170,6.0730
84|MEII ldcnd01 waveres Swell|1:spd:9|2:Tm:6.437|2:Tp:7.50$11.702,12.014,12.906,14.193,15.467,16.167,15.838,14.410,12.308,10.239,8.7950,8.1480,8.0400,8.0390,7.8400,7.4050,6.8880,6.4890,6.3410
85|MEII ldcnd01 waveres Swell|1:spd:9|2:Tm:6.866|2:Tp:8.00$12.179,12.535,13.508,14.793,15.880,16.194,15.370,13.494,11.121,9.0060,7.7080,7.3250,7.5280,7.8290,7.8800,7.6120,7.1790,6.8030,6.6570
86|MEII ldcnd01 waveres Swell|1:spd:9|2:Tm:7.295|2:Tp:8.50$13.503,13.823,14.653,15.622,16.202,15.902,14.512,12.263,9.7640,7.7290,6.6250,6.4830,6.9490,7.5310,7.8690,7.8540,7.6050,7.3340,7.2200
87|MEII ldcnd01 waveres Swell|1:spd:9|2:Tm:7.724|2:Tp:9.00$14.917,15.145,15.692,16.188,16.169,15.266,13.420,10.952,8.4640,6.5770,5.6620,5.7010,6.3480,7.1430,7.7300,7.9700,7.9360,7.8030,7.7370
88|MEII ldcnd01 waveres Swell|1:spd:9|2:Tm:8.154|2:Tp:9.50$15.983,16.070,16.224,16.157,15.535,14.146,12.037,9.5520,7.2200,5.5450,4.8050,4.9560,5.6910,6.6070,7.3730,7.8370,8.0190,8.0420,8.0320
89|MEII ldcnd01 waveres Swell|1:spd:9|2:Tm:8.583|2:Tp:10.0$16.389,16.350,16.156,15.621,14.545,12.844,10.637,8.2530,6.1360,4.6800,4.0870,4.3030,5.0680,6.0350,6.9100,7.5320,7.8830,8.0340,8.0720
90|MEII ldcnd01 waveres Swell|1:spd:9|2:Tm:9.012|2:Tp:10.5$15.855,15.734,15.327,14.525,13.230,11.438,9.2990,7.1090,5.2340,3.9830,3.5080,3.7550,4.5020,5.4570,6.3610,7.0570,7.5020,7.7300,7.7980
91|MEII ldcnd01 waveres Swell|1:spd:9|2:Tm:9.441|2:Tp:11.0$14.746,14.580,14.061,13.138,11.783,10.039,8.0630,6.1110,4.4810,3.4200,3.0440,3.3040,4.0120,4.9200,5.8010,6.5090,6.9890,7.2530,7.3360
92|MEII ldcnd01 waveres Swell|1:spd:9|2:Tm:9.870|2:Tp:11.5$13.395,13.213,12.659,11.720,10.405,8.7830,7.0020,5.2850,3.8790,2.9860,2.6990,2.9710,3.6390,4.4880,5.3170,5.9900,6.4550,6.7160,6.7980
93|MEII ldcnd01 waveres Swell|1:spd:9|2:Tm:10.29|2:Tp:12.0$11.919,11.741,11.206,10.320,9.1120,7.6560,6.0880,4.6000,3.4000,2.6590,2.4520,2.7360,3.3650,4.1450,4.8960,5.5000,5.9130,6.1420,6.2140
94|MEII ldcnd01 waveres Swell|1:spd:9|2:Tm:10.72|2:Tp:12.5$10.526,10.359,9.8630,9.0520,7.9660,6.6780,5.3120,4.0340,3.0210,2.4160,2.2810,2.5710,3.1530,3.8530,4.5140,5.0360,5.3860,5.5760,5.6350
95|MEII ldcnd01 waveres Swell|1:spd:9|2:Tm:11.15|2:Tp:13.0$9.2840,9.1330,8.6840,7.9570,6.9940,5.8650,4.6820,3.5910,2.7450,2.2630,2.1880,2.4720,2.9920,3.5960,4.1530,4.5840,4.8690,5.0220,5.0700
96|MEII ldcnd01 waveres Swell|1:spd:10|2:Tm:3.433|2:Tp:4.00$14.524,14.703,15.150,15.653,16.025,16.200,16.194,16.000,15.503,14.515,12.928,10.834,8.5170,6.3350,4.5610,3.2980,2.5050,2.0810,1.9470
97|MEII ldcnd01 waveres Swell|1:spd:10|2:Tm:3.862|2:Tp:4.50$12.890,13.042,13.449,13.984,14.519,14.954,15.212,15.197,14.789,13.890,12.495,10.725,8.8020,6.9610,5.3840,4.1640,3.3180,2.8260,2.6640
98|MEII ldcnd01 waveres Swell|1:spd:10|2:Tm:4.291|2:Tp:5.00$11.515,11.677,12.138,12.827,13.629,14.380,14.888,14.970,14.522,13.564,12.223,10.678,9.0870,7.5650,6.1940,5.0470,4.1880,3.6600,3.4820
99|MEII ldcnd01 waveres Swell|1:spd:10|2:Tm:4.720|2:Tp:5.50$10.659,10.844,11.407,12.339,13.530,14.720,15.549,15.709,15.097,13.871,12.343,10.800,9.3790,8.0870,6.9030,5.8570,5.0330,4.5110,4.3320
100|MEII ldcnd01 waveres Swell|1:spd:10|2:Tm:5.149|2:Tp:6.00$10.333,10.545,11.207,12.322,13.748,15.132,16.003,16.004,15.106,13.615,11.982,10.539,9.3640,8.3490,7.3830,6.4680,5.7060,5.2090,5.0370
101|MEII ldcnd01 waveres Swell|1:spd:10|2:Tm:5.579|2:Tp:6.50$10.699,10.936,11.666,12.871,14.346,15.653,16.271,15.884,14.589,12.848,11.204,9.9680,9.1150,8.4150,7.6830,6.9090,6.2200,5.7550,5.5920
102|MEII ldcnd01 waveres Swell|1:spd:10|2:Tm:6.008|2:Tp:7.00$11.649,11.911,12.706,13.966,15.406,16.499,16.704,15.782,13.989,11.948,10.280,9.2580,8.7350,8.3610,7.8760,7.2550,6.6450,6.2130,6.0600
103|MEII ldcnd01 waveres Swell|1:spd:10|2:Tm:6.437|2:Tp:7.50$12.096,12.428,13.387,14.786,16.201,17.030,16.761,15.297,13.068,10.828,9.2230,8.4600,8.2840,8.2410,8.0070,7.5340,6.9820,6.5560,6.3980
104|MEII ldcnd01 waveres Swell|1:spd:10|2:Tm:6.866|2:Tp:8.00$12.666,13.053,14.117,15.538,16.771,17.190,16.379,14.411,11.866,9.5560,8.0960,7.6120,7.7690,8.0510,8.0870,7.7980,7.3370,6.9400,6.7850
105|MEII ldcnd01 waveres Swell|1:spd:10|2:Tm:7.295|2:Tp:8.50$14.197,14.549,15.469,16.556,17.242,16.986,15.544,13.149,10.450,8.2150,6.9610,6.7370,7.1770,7.7610,8.1010,8.0780,7.8110,7.5220,7.4010
106|MEII ldcnd01 waveres Swell|1:spd:10|2:Tm:7.724|2:Tp:9.00$15.834,16.089,16.702,17.278,17.306,16.381,14.424,11.773,9.0720,6.9940,5.9480,5.9230,6.5600,7.3700,7.9710,8.2130,8.1680,8.0220,7.9500
107|MEII ldcnd01 waveres Swell|1:spd:10|2:Tm:8.154|2:Tp:9.50$17.091,17.191,17.374,17.326,16.684,15.213,12.955,10.274,7.7390,5.8950,5.0440,5.1470,5.8820,6.8210,7.6090,8.0810,8.2580,8.2720,8.2580
108|MEII ldcnd01 waveres Swell|1:spd:10|2:Tm:8.583|2:Tp:10.0$17.608,17.568,17.365,16.798,15.650,13.825,11.450,8.8740,6.5730,4.9710,4.2880,4.4710,5.2430,6.2370,7.1370,7.7720,8.1220,8.2660,8.3000
109|MEII ldcnd01 waveres Swell|1:spd:10|2:Tm:9.012|2:Tp:10.5$17.063,16.934,16.495,15.632,14.239,12.310,10.004,7.6380,5.6020,4.2290,3.6820,3.9070,4.6690,5.6550,6.5860,7.2940,7.7370,7.9570,8.0210
110|MEII ldcnd01 waveres Swell|1:spd:10|2:Tm:9.441|2:Tp:11.0$15.872,15.692,15.131,14.135,12.674,10.795,8.6650,6.5580,4.7910,3.6300,3.1990,3.4480,4.1760,5.1150,6.0220,6.7390,7.2140,7.4670,7.5440
111|MEII ldcnd01 waveres Swell|1:spd:10|2:Tm:9.870|2:Tp:11.5$14.410,14.212,13.613,12.599,11.181,9.4340,7.5160,5.6650,4.1440,3.1690,2.8410,3.1100,3.8000,4.6770,5.5240,6.2000,6.6560,6.9040,6.9810
112|MEII ldcnd01 waveres Swell|1:spd:10|2:Tm:10.29|2:Tp:12.0$12.809,12.616,12.037,11.081,9.7790,8.2120,6.5260,4.9230,3.6280,2.8220,2.5860,2.8720,3.5190,4.3180,5.0790,5.6790,6.0780,6.2940,6.3610
113|MEII ldcnd01 waveres Swell|1:spd:10|2:Tm:10.72|2:Tp:12.5$11.298,11.117,10.581,9.7070,8.5380,7.1530,5.6840,4.3080,3.2150,2.5580,2.4010,2.6930,3.2890,4.0020,4.6650,5.1790,5.5160,5.6950,5.7500
114|MEII ldcnd01 waveres Swell|1:spd:10|2:Tm:11.15|2:Tp:13.0$9.9530,9.7890,9.3050,8.5220,7.4860,6.2720,5.0000,3.8240,2.9080,2.3790,2.2820,2.5650,3.0940,3.7060,4.2650,4.6920,4.9700,5.1180,5.1630
115|MEII ldcnd01 waveres Swell|1:spd:11|2:Tm:3.433|2:Tp:4.00$15.795,15.976,16.417,16.886,17.174,17.184,16.920,16.378,15.488,14.150,12.344,10.202,7.9830,5.9660,4.3380,3.1560,2.3830,1.9530,1.8150
116|MEII ldcnd01 waveres Swell|1:spd:11|2:Tm:3.862|2:Tp:4.50$13.859,14.012,14.415,14.932,15.419,15.766,15.888,15.693,15.080,13.988,12.450,10.611,8.6840,6.8750,5.3280,4.1140,3.2510,2.7380,2.5680
117|MEII ldcnd01 waveres Swell|1:spd:11|2:Tm:4.291|2:Tp:5.00$12.234,12.399,12.864,13.549,14.328,15.032,15.469,15.461,14.912,13.853,12.426,10.819,9.1950,7.6590,6.2820,5.1220,4.2440,3.6990,3.5150
118|MEII ldcnd01 waveres Swell|1:spd:11|2:Tm:4.720|2:Tp:5.50$11.194,11.382,11.948,12.867,14.017,15.140,15.890,15.975,15.309,14.051,12.508,10.957,9.5340,8.2420,7.0590,6.0110,5.1810,4.6520,4.4720
119|MEII ldcnd01 waveres Swell|1:spd:11|2:Tm:5.149|2:Tp:6.00$10.741,10.959,11.632,12.758,14.184,15.552,16.391,16.351,15.408,13.877,12.212,10.745,9.5520,8.5240,7.5460,6.6200,5.8480,5.3420,5.1680
120|MEII ldcnd01 waveres Swell|1:spd:11|2:Tm:5.579|2:Tp:6.50$11.086,11.333,12.092,13.347,14.886,16.249,16.893,16.486,15.123,13.286,11.546,10.236,9.3330,8.6010,7.8440,7.0460,6.3360,5.8560,5.6890
121|MEII ldcnd01 waveres Swell|1:spd:11|2:Tm:6.008|2:Tp:7.00$12.122,12.401,13.244,14.581,16.110,17.275,17.502,16.533,14.632,12.454,10.659,9.5490,8.9770,8.5780,8.0730,7.4290,6.7960,6.3470,6.1870
122|MEII ldcnd01 waveres Swell|1:spd:11|2:Tm:6.437|2:Tp:7.50$12.590,12.949,13.986,15.499,17.035,17.947,17.684,16.136,13.756,11.345,9.5990,8.7530,8.5450,8.5010,8.2680,7.7880,7.2210,6.7820,6.6190
123|MEII ldcnd01 waveres Swell|1:spd:11|2:Tm:6.866|2:Tp:8.00$13.206,13.630,14.797,16.360,17.729,18.224,17.389,15.295,12.558,10.053,8.4480,7.8930,8.0410,8.3470,8.4090,8.1310,7.6680,7.2620,7.1030
124|MEII ldcnd01 waveres Swell|1:spd:11|2:Tm:7.295|2:Tp:8.50$14.937,15.329,16.351,17.570,18.358,18.125,16.598,14.024,11.102,8.6630,7.2720,6.9930,7.4420,8.0680,8.4490,8.4480,8.1840,7.8870,7.7630
125|MEII ldcnd01 waveres Swell|1:spd:11|2:Tm:7.724|2:Tp:9.00$16.816,17.103,17.801,18.466,18.538,17.569,15.468,12.599,9.6610,7.3850,6.2150,6.1500,6.8080,7.6670,8.3130,8.5800,8.5360,8.3810,8.3040
126|MEII ldcnd01 waveres Swell|1:spd:11|2:Tm:8.154|2:Tp:9.50$18.297,18.415,18.635,18.613,17.943,16.364,13.921,11.010,8.2470,6.2240,5.2700,5.3440,6.1040,7.0880,7.9150,8.4040,8.5750,8.5740,8.5530
127|MEII ldcnd01 waveres Swell|1:spd:11|2:Tm:8.583|2:Tp:10.0$18.950,18.910,18.705,18.104,16.868,14.893,12.313,9.5110,7.0030,5.2470,4.4800,4.6440,5.4420,6.4770,7.4090,8.0510,8.3870,8.5120,8.5370
128|MEII ldcnd01 waveres Swell|1:spd:11|2:Tm:9.012|2:Tp:10.5$18.405,18.267,17.797,16.867,15.358,13.262,10.756,8.1820,5.9640,4.4630,3.8520,4.0690,4.8610,5.8860,6.8440,7.5540,7.9790,8.1770,8.2310
129|MEII ldcnd01 waveres Swell|1:spd:11|2:Tm:9.441|2:Tp:11.0$17.129,16.934,16.327,15.249,13.663,11.622,9.3070,7.0180,5.0970,3.8310,3.3530,3.6040,4.3640,5.3420,6.2720,6.9880,7.4440,7.6750,7.7420
130|MEII ldcnd01 waveres Swell|1:spd:11|2:Tm:9.870|2:Tp:11.5$15.543,15.330,14.681,13.581,12.042,10.145,8.0640,6.0550,4.4050,3.3460,2.9830,3.2580,3.9790,4.8870,5.7520,6.4260,6.8630,7.0920,7.1600
131|MEII ldcnd01 waveres Swell|1:spd:11|2:Tm:10.29|2:Tp:12.0$13.798,13.590,12.965,11.930,10.519,8.8200,6.9920,5.2550,3.8520,2.9780,2.7150,3.0080,3.6790,4.5000,5.2710,5.8660,6.2510,6.4530,6.5130
132|MEII ldcnd01 waveres Swell|1:spd:11|2:Tm:10.72|2:Tp:12.5$12.153,11.958,11.380,10.436,9.1710,7.6720,6.0810,4.5910,3.4060,2.6920,2.5130,2.8100,3.4220,4.1490,4.8170,5.3270,5.6550,5.8260,5.8770
133|MEII ldcnd01 waveres Swell|1:spd:11|2:Tm:11.15|2:Tp:13.0$10.692,10.516,9.9940,9.1500,8.0300,6.7160,5.3380,4.0630,3.0680,2.4880,2.3690,2.6510,3.1900,3.8140,4.3790,4.8070,5.0820,5.2270,5.2720
134|MEII ldcnd01 waveres Swell|1:spd:12|2:Tm:3.433|2:Tp:4.00$17.153,17.334,17.768,18.205,18.410,18.285,17.837,17.082,15.971,14.440,12.505,10.318,8.1260,6.1640,4.5680,3.3680,2.5320,2.0350,1.8690
135|MEII ldcnd01 waveres Swell|1:spd:12|2:Tm:3.862|2:Tp:4.50$14.892,15.046,15.446,15.944,16.385,16.658,16.681,16.372,15.642,14.439,12.812,10.917,8.9600,7.1280,5.5410,4.2610,3.3180,2.7360,2.5390
136|MEII ldcnd01 waveres Swell|1:spd:12|2:Tm:4.291|2:Tp:5.00$12.994,13.163,13.638,14.323,15.083,15.748,16.129,16.056,15.441,14.320,12.840,11.190,9.5320,7.9610,6.5330,5.3030,4.3450,3.7330,3.5230
137|MEII ldcnd01 waveres Swell|1:spd:12|2:Tm:4.720|2:Tp:5.50$11.746,11.941,12.520,13.439,14.557,15.618,16.292,16.313,15.614,14.353,12.825,11.290,9.8710,8.5640,7.3370,6.2180,5.3020,4.7020,4.4940
138|MEII ldcnd01 waveres Swell|1:spd:12|2:Tm:5.149|2:Tp:6.00$11.135,11.372,12.095,13.281,14.753,16.132,16.945,16.854,15.853,14.273,12.578,11.093,9.8850,8.8310,7.8080,6.8160,5.9710,5.4060,5.2090
139|MEII ldcnd01 waveres Swell|1:spd:12|2:Tm:5.579|2:Tp:6.50$11.345,11.625,12.482,13.880,15.572,17.056,17.750,17.306,15.842,13.877,12.020,10.627,9.6720,8.9020,8.1050,7.2560,6.4920,5.9690,5.7850
140|MEII ldcnd01 waveres Swell|1:spd:12|2:Tm:6.008|2:Tp:7.00$12.278,12.600,13.567,15.085,16.808,18.129,18.424,17.420,15.401,13.071,11.143,9.9450,9.3320,8.9150,8.3900,7.7120,7.0340,6.5470,6.3720
141|MEII ldcnd01 waveres Swell|1:spd:12|2:Tm:6.437|2:Tp:7.50$12.798,13.206,14.379,16.089,17.830,18.893,18.681,17.065,14.534,11.948,10.063,9.1400,8.9140,8.8760,8.6420,8.1350,7.5220,7.0380,6.8570
142|MEII ldcnd01 waveres Swell|1:spd:12|2:Tm:6.866|2:Tp:8.00$13.596,14.071,15.379,17.138,18.698,19.313,18.482,16.268,13.335,10.629,8.8790,8.2590,8.4070,8.7370,8.8070,8.5010,7.9820,7.5210,7.3400
143|MEII ldcnd01 waveres Swell|1:spd:12|2:Tm:7.295|2:Tp:8.50$15.604,16.046,17.205,18.597,19.531,19.350,17.752,14.995,11.838,9.1840,7.6520,7.3200,7.7790,8.4330,8.8180,8.7790,8.4450,8.0830,7.9310
144|MEII ldcnd01 waveres Swell|1:spd:12|2:Tm:7.724|2:Tp:9.00$17.771,18.103,18.912,19.705,19.856,18.864,16.622,13.524,10.331,7.8420,6.5430,6.4350,7.1070,7.9920,8.6350,8.8550,8.7360,8.5120,8.4070
145|MEII ldcnd01 waveres Swell|1:spd:12|2:Tm:8.154|2:Tp:9.50$19.532,19.674,19.955,19.985,19.309,17.632,14.998,11.839,8.8280,6.6110,5.5460,5.5870,6.3620,7.3670,8.1890,8.6330,8.7370,8.6750,8.6290
146|MEII ldcnd01 waveres Swell|1:spd:12|2:Tm:8.583|2:Tp:10.0$20.368,20.336,20.139,19.521,18.209,16.080,13.281,10.233,7.4960,5.5720,4.7140,4.8560,5.6700,6.7240,7.6500,8.2540,8.5330,8.6070,8.6120
147|MEII ldcnd01 waveres Swell|1:spd:12|2:Tm:9.012|2:Tp:10.5$19.844,19.701,19.209,18.219,16.594,14.326,11.601,8.7990,6.3820,4.7400,4.0590,4.2660,5.0790,6.1240,7.0780,7.7560,8.1310,8.2840,8.3210
148|MEII ldcnd01 waveres Swell|1:spd:12|2:Tm:9.441|2:Tp:11.0$18.489,18.283,17.634,16.474,14.760,12.546,10.031,7.5400,5.4500,4.0700,3.5410,3.7910,4.5770,5.5770,6.5060,7.1930,7.6040,7.7960,7.8490
149|MEII ldcnd01 waveres Swell|1:spd:12|2:Tm:9.870|2:Tp:11.5$16.775,16.547,15.850,14.664,12.999,10.941,8.6810,6.4990,4.7060,3.5540,3.1520,3.4320,4.1760,5.1030,5.9660,6.6150,7.0160,7.2130,7.2690
150|MEII ldcnd01 waveres Swell|1:spd:12|2:Tm:10.29|2:Tp:12.0$14.878,14.654,13.982,12.866,11.340,9.5000,7.5170,5.6330,4.1100,3.1590,2.8650,3.1590,3.8470,4.6810,5.4480,6.0230,6.3810,6.5590,6.6110
151|MEII ldcnd01 waveres Swell|1:spd:12|2:Tm:10.72|2:Tp:12.5$13.087,12.878,12.256,11.239,9.8730,8.2510,6.5280,4.9110,3.6260,2.8470,2.6390,2.9340,3.5560,4.2900,4.9550,5.4500,5.7590,5.9150,5.9610
152|MEII ldcnd01 waveres Swell|1:spd:12|2:Tm:11.15|2:Tp:13.0$11.500,11.311,10.750,9.8420,8.6330,7.2130,5.7200,4.3360,3.2520,2.6130,2.4660,2.7440,3.2890,3.9170,4.4820,4.9020,5.1670,5.3040,5.3450
153|MEII ldcnd01 waveres Swell|1:spd:13|2:Tm:3.433|2:Tp:4.00$18.546,18.728,19.155,19.555,19.680,19.427,18.820,17.891,16.608,14.928,12.879,10.625,8.4090,6.4480,4.8590,3.6520,2.7990,2.2820,2.1070
154|MEII ldcnd01 waveres Swell|1:spd:13|2:Tm:3.862|2:Tp:4.50$15.948,16.104,16.502,16.983,17.384,17.591,17.532,17.132,16.309,15.019,13.321,11.376,9.3870,7.5200,5.8760,4.5090,3.4620,2.7950,2.5640
155|MEII ldcnd01 waveres Swell|1:spd:13|2:Tm:4.291|2:Tp:5.00$13.768,13.943,14.430,15.126,15.884,16.531,16.877,16.757,16.087,14.915,13.400,11.738,10.076,8.4820,6.9860,5.6380,4.5360,3.8050,3.5480
156|MEII ldcnd01 waveres Swell|1:spd:13|2:Tm:4.720|2:Tp:5.50$12.300,12.505,13.111,14.058,15.196,16.257,16.909,16.895,16.153,14.860,13.310,11.764,10.330,8.9850,7.6840,6.4590,5.4270,4.7350,4.4920
157|MEII ldcnd01 waveres Swell|1:spd:13|2:Tm:5.149|2:Tp:6.00$11.510,11.769,12.557,13.841,15.421,16.886,17.733,17.615,16.539,14.868,13.090,11.546,10.292,9.1880,8.0970,7.0180,6.0810,5.4460,5.2220
158|MEII ldcnd01 waveres Swell|1:spd:13|2:Tm:5.579|2:Tp:6.50$11.523,11.837,12.799,14.367,16.268,17.941,18.743,18.292,16.721,14.600,12.599,11.106,10.095,9.2860,8.4360,7.5130,6.6620,6.0690,5.8580
159|MEII ldcnd01 waveres Swell|1:spd:13|2:Tm:6.008|2:Tp:7.00$12.259,12.619,13.703,15.417,17.384,18.934,19.371,18.379,16.260,13.775,11.705,10.419,9.7680,9.3280,8.7620,8.0110,7.2410,6.6760,6.4710
160|MEII ldcnd01 waveres Swell|1:spd:13|2:Tm:6.437|2:Tp:7.50$12.847,13.298,14.600,16.514,18.499,19.775,19.674,18.037,15.375,12.617,10.588,9.5860,9.3330,9.2790,9.0010,8.4110,7.6930,7.1220,6.9070
161|MEII ldcnd01 waveres Swell|1:spd:13|2:Tm:6.866|2:Tp:8.00$13.893,14.416,15.861,17.825,19.606,20.382,19.594,17.289,14.172,11.263,9.3600,8.6640,8.7880,9.0990,9.1150,8.7130,8.0790,7.5240,7.3070
162|MEII ldcnd01 waveres Swell|1:spd:13|2:Tm:7.295|2:Tp:8.50$16.209,16.702,18.000,19.580,20.684,20.591,18.948,16.025,12.636,9.7590,8.0740,7.6700,8.1050,8.7330,9.0560,8.9170,8.4700,8.0200,7.8350
163|MEII ldcnd01 waveres Swell|1:spd:13|2:Tm:7.724|2:Tp:9.00$18.691,19.066,19.993,20.931,21.186,20.197,17.834,14.515,11.063,8.3490,6.9060,6.7340,7.3850,8.2430,8.8270,8.9530,8.7320,8.4300,8.2950
164|MEII ldcnd01 waveres Swell|1:spd:13|2:Tm:8.154|2:Tp:9.50$20.773,20.941,21.287,21.379,20.714,18.954,16.138,12.732,9.4660,7.0430,5.8550,5.8480,6.6110,7.5990,8.3740,8.7420,8.7620,8.6350,8.5650
165|MEII ldcnd01 waveres Swell|1:spd:13|2:Tm:8.583|2:Tp:10.0$21.830,21.806,21.618,20.987,19.603,17.327,14.313,11.013,8.0390,5.9370,4.9800,5.0890,5.9020,6.9500,7.8430,8.3880,8.5990,8.6200,8.6060
166|MEII ldcnd01 waveres Swell|1:spd:13|2:Tm:9.012|2:Tp:10.5$21.349,21.198,20.681,19.629,17.891,15.449,12.505,9.4690,6.8430,5.0520,4.2940,4.4820,5.3020,6.3480,7.2770,7.9060,8.2230,8.3320,8.3520
167|MEII ldcnd01 waveres Swell|1:spd:13|2:Tm:9.441|2:Tp:11.0$19.920,19.698,19.004,17.759,15.914,13.525,10.805,8.1070,5.8400,4.3390,3.7510,3.9930,4.7910,5.7930,6.7010,7.3460,7.7080,7.8610,7.8990
168|MEII ldcnd01 waveres Swell|1:spd:13|2:Tm:9.870|2:Tp:11.5$18.077,17.830,17.080,15.802,14.006,11.785,9.3410,6.9800,5.0380,3.7860,3.3390,3.6130,4.3680,5.2970,6.1410,6.7540,7.1140,7.2800,7.3240
169|MEII ldcnd01 waveres Swell|1:spd:13|2:Tm:10.29|2:Tp:12.0$16.020,15.779,15.054,13.851,12.206,10.221,8.0790,6.0420,4.3940,3.3590,3.0260,3.3140,4.0070,4.8390,5.5890,6.1360,6.4630,6.6190,6.6630
170|MEII ldcnd01 waveres Swell|1:spd:13|2:Tm:10.72|2:Tp:12.5$14.076,13.851,13.181,12.085,10.614,8.8660,7.0060,5.2600,3.8670,3.0160,2.7730,3.0590,3.6810,4.4110,5.0620,5.5370,5.8260,5.9670,6.0080
171|MEII ldcnd01 waveres Swell|1:spd:13|2:Tm:11.15|2:Tp:13.0$12.356,12.152,11.549,10.571,9.2700,7.7400,6.1290,4.6320,3.4550,2.7510,2.5710,2.8370,3.3800,4.0070,4.5620,4.9700,5.2220,5.3490,5.3870
172|MEII ldcnd01 waveres Swell|1:spd:14|2:Tm:3.433|2:Tp:4.00$20.027,20.209,20.628,20.989,21.028,20.646,19.881,18.787,17.356,15.545,13.383,11.029,8.7280,6.7120,5.1110,3.9460,3.1700,2.7270,2.5820
173|MEII ldcnd01 waveres Swell|1:spd:14|2:Tm:3.862|2:Tp:4.50$17.070,17.226,17.622,18.084,18.441,18.582,18.445,17.964,17.061,15.690,13.902,11.854,9.7530,7.7840,6.0730,4.6900,3.6710,3.0440,2.8320
174|MEII ldcnd01 waveres Swell|1:spd:14|2:Tm:4.291|2:Tp:5.00$14.591,14.771,15.269,15.974,16.729,17.360,17.677,17.518,16.799,15.558,13.947,12.162,10.364,8.6480,7.0700,5.6940,4.6090,3.9110,3.6690
175|MEII ldcnd01 waveres Swell|1:spd:14|2:Tm:4.720|2:Tp:5.50$12.896,13.110,13.738,14.713,15.874,16.945,17.594,17.562,16.789,15.448,13.836,12.214,10.693,9.2630,7.8910,6.6180,5.5620,4.8620,4.6170
176|MEII ldcnd01 waveres Swell|1:spd:14|2:Tm:5.149|2:Tp:6.00$11.925,12.198,13.027,14.374,16.028,17.562,18.451,18.334,17.223,15.491,13.643,12.029,10.707,9.5360,8.3770,7.2360,6.2490,5.5820,5.3470
177|MEII ldcnd01 waveres Swell|1:spd:14|2:Tm:5.579|2:Tp:6.50$11.765,12.099,13.121,14.795,16.834,18.649,19.549,19.125,17.504,15.288,13.181,11.597,10.511,9.6340,8.7160,7.7250,6.8160,6.1850,5.9600
178|MEII ldcnd01 waveres Swell|1:spd:14|2:Tm:6.008|2:Tp:7.00$12.356,12.739,13.898,15.750,17.906,19.650,20.223,19.267,17.083,14.478,12.285,10.906,10.191,9.6960,9.0670,8.2410,7.4020,6.7870,6.5630
179|MEII ldcnd01 waveres Swell|1:spd:14|2:Tm:6.437|2:Tp:7.50$12.995,13.478,14.879,16.964,19.160,20.635,20.646,19.003,16.229,13.311,11.139,10.039,9.7240,9.6130,9.2640,8.5900,7.7940,7.1690,6.9340
180|MEII ldcnd01 waveres Swell|1:spd:14|2:Tm:6.866|2:Tp:8.00$14.238,14.804,16.375,18.532,20.521,21.459,20.719,18.332,15.038,11.929,9.8630,9.0640,9.1210,9.3680,9.3040,8.8120,8.1000,7.4940,7.2590
181|MEII ldcnd01 waveres Swell|1:spd:14|2:Tm:7.295|2:Tp:8.50$16.837,17.381,18.819,20.587,21.867,21.862,20.181,17.094,13.472,10.368,8.5150,8.0100,8.3820,8.9470,9.1910,8.9680,8.4510,7.9560,7.7570
182|MEII ldcnd01 waveres Swell|1:spd:14|2:Tm:7.724|2:Tp:9.00$19.645,20.068,21.118,22.205,22.568,21.584,19.100,15.555,11.837,8.8900,7.2870,7.0270,7.6250,8.4290,8.9430,8.9970,8.7150,8.3760,8.2290
183|MEII ldcnd01 waveres Swell|1:spd:14|2:Tm:8.154|2:Tp:9.50$22.098,22.295,22.707,22.863,22.204,20.354,17.346,13.679,10.145,7.5070,6.1820,6.1070,6.8360,7.7880,8.5110,8.8200,8.7880,8.6290,8.5480
184|MEII ldcnd01 waveres Swell|1:spd:14|2:Tm:8.583|2:Tp:10.0$23.424,23.407,23.229,22.576,21.110,18.670,15.418,11.848,8.6220,6.3300,5.2630,5.3260,6.1220,7.1490,8.0050,8.5030,8.6700,8.6620,8.6370
185|MEII ldcnd01 waveres Swell|1:spd:14|2:Tm:9.012|2:Tp:10.5$23.007,22.850,22.299,21.176,19.305,16.666,13.479,10.188,7.3390,5.3890,4.5450,4.7030,5.5160,6.5500,7.4500,8.0380,8.3170,8.3990,8.4100
186|MEII ldcnd01 waveres Swell|1:spd:14|2:Tm:9.441|2:Tp:11.0$21.507,21.270,20.520,19.174,17.177,14.590,11.641,8.7170,6.2600,4.6280,3.9760,4.1980,4.9940,5.9870,6.8690,7.4790,7.8060,7.9370,7.9670
187|MEII ldcnd01 waveres Swell|1:spd:14|2:Tm:9.870|2:Tp:11.5$19.525,19.259,18.444,17.059,15.112,12.704,10.056,7.4980,5.3950,4.0360,3.5350,3.7950,4.5470,5.4680,6.2900,6.8730,7.2060,7.3550,7.3930
188|MEII ldcnd01 waveres Swell|1:spd:14|2:Tm:10.29|2:Tp:12.0$17.292,17.031,16.243,14.939,13.156,11.005,8.6860,6.4820,4.6980,3.5720,3.1930,3.4650,4.1530,4.9760,5.7080,6.2330,6.5420,6.6870,6.7280
189|MEII ldcnd01 waveres Swell|1:spd:14|2:Tm:10.72|2:Tp:12.5$15.179,14.935,14.208,13.020,11.427,9.5340,7.5220,5.6330,4.1250,3.1950,2.9100,3.1790,3.7940,4.5150,5.1520,5.6130,5.8910,6.0280,6.0680
190|MEII ldcnd01 waveres Swell|1:spd:14|2:Tm:11.15|2:Tp:13.0$13.310,13.089,12.435,11.376,9.9680,8.3140,6.5710,4.9500,3.6710,2.8970,2.6770,2.9260,3.4630,4.0820,4.6300,5.0300,5.2780,5.4040,5.4420
191|MEII ldcnd01 waveres Swell|1:spd:15|2:Tm:3.433|2:Tp:4.00$21.541,21.724,22.132,22.452,22.403,21.888,20.961,19.698,18.099,16.118,13.792,11.291,8.8860,6.8220,5.2270,4.0980,3.3630,2.9500,2.8150
192|MEII ldcnd01 waveres Swell|1:spd:15|2:Tm:3.862|2:Tp:4.50$18.214,18.371,18.763,19.204,19.516,19.589,19.372,18.809,17.820,16.350,14.441,12.248,9.9940,7.8890,6.0790,4.6420,3.6090,2.9880,2.7800
193|MEII ldcnd01 waveres Swell|1:spd:15|2:Tm:4.291|2:Tp:5.00$15.432,15.617,16.124,16.833,17.583,18.195,18.486,18.292,17.528,16.232,14.550,12.678,10.776,8.9340,7.2050,5.6580,4.4070,3.5850,3.2970
194|MEII ldcnd01 waveres Swell|1:spd:15|2:Tm:4.720|2:Tp:5.50$13.513,13.734,14.378,15.373,16.549,17.629,18.277,18.233,17.437,16.056,14.392,12.703,11.103,9.5770,8.0880,6.6790,5.4860,4.6810,4.3970
195|MEII ldcnd01 waveres Swell|1:spd:15|2:Tm:5.149|2:Tp:6.00$12.366,12.646,13.494,14.867,16.552,18.115,19.033,18.936,17.827,16.077,14.199,12.547,11.183,9.9570,8.7190,7.4730,6.3730,5.6160,5.3480
196|MEII ldcnd01 waveres Swell|1:spd:15|2:Tm:5.579|2:Tp:6.50$12.067,12.411,13.464,15.190,17.297,19.186,20.152,19.767,18.149,15.908,13.769,12.163,11.062,10.156,9.1710,8.0700,7.0340,6.3000,6.0360
197|MEII ldcnd01 waveres Swell|1:spd:15|2:Tm:6.008|2:Tp:7.00$12.570,12.974,14.199,16.160,18.455,20.334,21.002,20.070,17.841,15.151,12.877,11.445,10.700,10.168,9.4690,8.5400,7.5840,6.8790,6.6210
198|MEII ldcnd01 waveres Swell|1:spd:15|2:Tm:6.437|2:Tp:7.50$13.242,13.758,15.257,17.497,19.877,21.511,21.607,19.941,17.061,13.998,11.697,10.511,10.139,9.9730,9.5480,8.7790,7.8890,7.1960,6.9370
199|MEII ldcnd01 waveres Swell|1:spd:15|2:Tm:6.866|2:Tp:8.00$14.628,15.237,16.934,19.271,21.455,22.533,21.830,19.358,15.894,12.591,10.365,9.4560,9.4400,9.6170,9.4730,8.8980,8.1140,7.4630,7.2130
200|MEII ldcnd01 waveres Swell|1:spd:15|2:Tm:7.295|2:Tp:8.50$17.476,18.072,19.649,21.604,23.052,23.129,21.406,18.158,14.306,10.976,8.9500,8.3330,8.6300,9.1270,9.2990,9.0060,8.4370,7.9130,7.7040
201|MEII ldcnd01 waveres Swell|1:spd:15|2:Tm:7.724|2:Tp:9.00$20.606,21.077,22.254,23.493,23.962,22.983,20.372,16.600,12.617,9.4330,7.6640,7.3030,7.8370,8.5850,9.0390,9.0360,8.7120,8.3500,8.1970
202|MEII ldcnd01 waveres Swell|1:spd:15|2:Tm:8.154|2:Tp:9.50$23.461,23.687,24.169,24.389,23.733,21.785,18.576,14.642,10.836,7.9790,6.5130,6.3640,7.0520,7.9660,8.6420,8.9010,8.8290,8.6450,8.5560
203|MEII ldcnd01 waveres Swell|1:spd:15|2:Tm:8.583|2:Tp:10.0$25.094,25.083,24.913,24.236,22.677,20.059,16.556,12.703,9.2190,6.7350,5.5570,5.5700,6.3460,7.3510,8.1710,8.6240,8.7510,8.7150,8.6810
204|MEII ldcnd01 waveres Swell|1:spd:15|2:Tm:9.012|2:Tp:10.5$24.764,24.598,24.013,22.806,20.790,17.937,14.488,10.929,7.8480,5.7360,4.8040,4.9290,5.7320,6.7510,7.6220,8.1710,8.4130,8.4720,8.4730
205|MEII ldcnd01 waveres Swell|1:spd:15|2:Tm:9.441|2:Tp:11.0$23.205,22.948,22.138,20.680,18.513,15.705,12.510,9.3460,6.6900,4.9250,4.2020,4.4000,5.1880,6.1700,7.0280,7.6050,7.9040,8.0150,8.0390
206|MEII ldcnd01 waveres Swell|1:spd:15|2:Tm:9.870|2:Tp:11.5$21.083,20.792,19.907,18.400,16.284,13.669,10.798,8.0310,5.7600,4.2880,3.7290,3.9670,4.7130,5.6230,6.4250,6.9840,7.2960,7.4310,7.4660
207|MEII ldcnd01 waveres Swell|1:spd:15|2:Tm:10.29|2:Tp:12.0$18.660,18.375,17.520,16.101,14.164,11.830,9.3180,6.9350,5.0080,3.7860,3.3550,3.6070,4.2860,5.0990,5.8160,6.3240,6.6210,6.7590,6.7970
208|MEII ldcnd01 waveres Swell|1:spd:15|2:Tm:10.72|2:Tp:12.5$16.363,16.098,15.308,14.018,12.288,10.237,8.0600,6.0180,4.3870,3.3740,3.0420,3.2900,3.8960,4.6090,5.2360,5.6880,5.9600,6.0940,6.1330
209|MEII ldcnd01 waveres Swell|1:spd:15|2:Tm:11.15|2:Tp:13.0$14.333,14.093,13.384,12.235,10.709,8.9160,7.0310,5.2780,3.8920,3.0440,2.7820,3.0110,3.5390,4.1530,4.6960,5.0920,5.3380,5.4650,5.5030
210|MEII ldcnd01 waveres Swell|1:spd:16|2:Tm:3.433|2:Tp:4.00$23.146,23.330,23.728,24.003,23.858,23.201,22.107,20.674,18.913,16.771,14.269,11.585,9.0210,6.8770,5.3180,4.3430,3.8240,3.5980,3.5410
211|MEII ldcnd01 waveres Swell|1:spd:16|2:Tm:3.862|2:Tp:4.50$19.426,19.583,19.971,20.389,20.653,20.655,20.357,19.711,18.629,17.042,14.975,12.591,10.155,7.9400,6.1350,4.8180,3.9660,3.5050,3.3630
212|MEII ldcnd01 waveres Swell|1:spd:16|2:Tm:4.291|2:Tp:5.00$16.323,16.513,17.030,17.746,18.490,19.084,19.348,19.121,18.315,16.955,15.181,13.185,11.146,9.1900,7.4120,5.9010,4.7470,4.0260,3.7830
213|MEII ldcnd01 waveres Swell|1:spd:16|2:Tm:4.720|2:Tp:5.50$14.171,14.399,15.065,16.084,17.283,18.374,19.023,18.969,18.152,16.737,15.015,13.248,11.553,9.9260,8.3510,6.8840,5.6650,4.8570,4.5750
214|MEII ldcnd01 waveres Swell|1:spd:16|2:Tm:5.149|2:Tp:6.00$12.845,13.135,14.008,15.418,17.143,18.749,19.698,19.618,18.507,16.733,14.811,13.098,11.659,10.348,9.0220,7.6920,6.5240,5.7240,5.4410
215|MEII ldcnd01 waveres Swell|1:spd:16|2:Tm:5.579|2:Tp:6.50$12.412,12.771,13.870,15.665,17.856,19.827,20.858,20.504,18.875,16.590,14.389,12.713,11.540,10.558,9.4950,8.3260,7.2390,6.4760,6.2030
216|MEII ldcnd01 waveres Swell|1:spd:16|2:Tm:6.008|2:Tp:7.00$12.838,13.272,14.584,16.677,19.127,21.146,21.898,20.972,18.676,15.876,13.485,11.948,11.112,10.499,9.7280,8.7420,7.7540,7.0360,6.7760
217|MEII ldcnd01 waveres Swell|1:spd:16|2:Tm:6.437|2:Tp:7.50$13.532,14.087,15.702,18.115,20.691,22.489,22.662,20.962,17.957,14.728,12.266,10.948,10.470,10.214,9.7160,8.8980,7.9880,7.2950,7.0400
218|MEII ldcnd01 waveres Swell|1:spd:16|2:Tm:6.866|2:Tp:8.00$15.040,15.696,17.525,20.058,22.447,23.674,23.010,20.448,16.804,13.292,10.881,9.8310,9.7060,9.7940,9.5780,8.9580,8.1610,7.5170,7.2730
219|MEII ldcnd01 waveres Swell|1:spd:16|2:Tm:7.295|2:Tp:8.50$18.121,18.771,20.500,22.659,24.292,24.466,22.704,19.289,15.197,11.628,9.4130,8.6660,8.8720,9.2950,9.4050,9.0700,8.4850,7.9630,7.7570
220|MEII ldcnd01 waveres Swell|1:spd:16|2:Tm:7.724|2:Tp:9.00$21.580,22.107,23.424,24.837,25.434,24.469,21.733,17.723,13.459,10.025,8.0770,7.6090,8.0760,8.7700,9.1730,9.1300,8.7850,8.4160,8.2630
221|MEII ldcnd01 waveres Swell|1:spd:16|2:Tm:8.154|2:Tp:9.50$24.886,25.146,25.711,26.011,25.371,23.327,19.907,15.687,11.590,8.4970,6.8800,6.6510,7.2960,8.1740,8.8100,9.0310,8.9320,8.7350,8.6430
222|MEII ldcnd01 waveres Swell|1:spd:16|2:Tm:8.583|2:Tp:10.0$26.877,26.877,26.724,26.031,24.381,21.575,17.801,13.641,9.8750,7.1820,5.8800,5.8380,6.5880,7.5710,8.3590,8.7770,8.8760,8.8240,8.7850
223|MEII ldcnd01 waveres Swell|1:spd:16|2:Tm:9.012|2:Tp:10.5$26.671,26.497,25.879,24.591,22.419,19.334,15.599,11.745,8.4100,6.1180,5.0870,5.1700,5.9550,6.9570,7.8020,8.3220,8.5400,8.5850,8.5830
224|MEII ldcnd01 waveres Swell|1:spd:16|2:Tm:9.441|2:Tp:11.0$25.070,24.795,23.919,22.339,19.988,16.938,13.470,10.040,7.1660,5.2500,4.4450,4.6090,5.3820,6.3480,7.1840,7.7390,8.0220,8.1250,8.1470
225|MEII ldcnd01 waveres Swell|1:spd:16|2:Tm:9.870|2:Tp:11.5$22.805,22.489,21.525,19.886,17.582,14.738,11.621,8.6220,6.1630,4.5640,3.9370,4.1440,4.8740,5.7700,6.5550,7.0990,7.4020,7.5350,7.5700
226|MEII ldcnd01 waveres Swell|1:spd:16|2:Tm:10.29|2:Tp:12.0$20.176,19.865,18.934,17.389,15.281,12.743,10.017,7.4360,5.3490,4.0190,3.5280,3.7500,4.4150,5.2150,5.9200,6.4210,6.7150,6.8550,6.8950
227|MEII ldcnd01 waveres Swell|1:spd:16|2:Tm:10.72|2:Tp:12.5$17.672,17.382,16.525,15.123,13.243,11.015,8.6540,6.4430,4.6760,3.5690,3.1830,3.4040,3.9950,4.6990,5.3200,5.7690,6.0440,6.1830,6.2240
228|MEII ldcnd01 waveres Swell|1:spd:16|2:Tm:11.15|2:Tp:13.0$15.462,15.202,14.432,13.185,11.528,9.5830,7.5390,5.6400,4.1360,3.2060,2.8940,3.0980,3.6140,4.2230,4.7640,5.1620,5.4140,5.5460,5.5870
229|MEII ldcnd01 waveres Swell|1:spd:17|2:Tm:3.433|2:Tp:4.00$24.782,24.965,25.351,25.580,25.339,24.535,23.271,21.672,19.775,17.561,15.091,12.584,10.343,8.5980,7.3890,6.6010,6.0890,5.7840,5.6970
230|MEII ldcnd01 waveres Swell|1:spd:17|2:Tm:3.862|2:Tp:4.50$20.658,20.816,21.198,21.594,21.809,21.739,21.358,20.634,19.483,17.834,15.720,13.333,10.966,8.8900,7.2550,6.0740,5.2910,4.8460,4.7090
231|MEII ldcnd01 waveres Swell|1:spd:17|2:Tm:4.291|2:Tp:5.00$17.230,17.424,17.952,18.676,19.416,19.993,20.231,19.973,19.129,17.724,15.887,13.815,11.700,9.6880,7.8850,6.3790,5.2480,4.5510,4.3210
232|MEII ldcnd01 waveres Swell|1:spd:17|2:Tm:4.720|2:Tp:5.50$14.840,15.078,15.767,16.816,18.040,19.148,19.801,19.743,18.922,17.514,15.814,14.060,12.335,10.603,8.8390,7.1270,5.6660,4.6820,4.3390
233|MEII ldcnd01 waveres Swell|1:spd:17|2:Tm:5.149|2:Tp:6.00$13.338,13.639,14.546,16.004,17.787,19.444,20.431,20.370,19.268,17.514,15.634,13.973,12.552,11.172,9.6620,8.0600,6.6010,5.5800,5.2180
234|MEII ldcnd01 waveres Swell|1:spd:17|2:Tm:5.579|2:Tp:6.50$12.769,13.147,14.301,16.181,18.474,20.545,21.645,21.316,19.677,17.372,15.167,13.509,12.350,11.337,10.172,8.8370,7.5660,6.6610,6.3370
235|MEII ldcnd01 waveres Swell|1:spd:17|2:Tm:6.008|2:Tp:7.00$13.110,13.576,14.980,17.216,19.830,21.993,22.830,21.909,19.551,16.667,14.211,12.645,11.797,11.152,10.302,9.1970,8.0790,7.2640,6.9690
236|MEII ldcnd01 waveres Swell|1:spd:17|2:Tm:6.437|2:Tp:7.50$13.818,14.413,16.146,18.738,21.514,23.478,23.728,21.997,18.875,15.503,12.926,11.540,11.025,10.727,10.159,9.2450,8.2380,7.4750,7.1950
237|MEII ldcnd01 waveres Swell|1:spd:17|2:Tm:6.866|2:Tp:8.00$15.435,16.139,18.106,20.837,23.437,24.820,24.197,21.552,17.735,14.031,11.469,10.329,10.155,10.198,9.9190,9.2210,8.3500,7.6540,7.3920
238|MEII ldcnd01 waveres Swell|1:spd:17|2:Tm:7.295|2:Tp:8.50$18.730,19.438,21.323,23.694,25.525,25.806,24.014,20.438,16.112,12.315,9.9360,9.1000,9.2630,9.6510,9.7090,9.3070,8.6550,8.0860,7.8650
239|MEII ldcnd01 waveres Swell|1:spd:17|2:Tm:7.724|2:Tp:9.00$22.518,23.101,24.569,26.165,26.903,25.966,23.115,18.872,14.329,10.650,8.5410,7.9950,8.4330,9.1030,9.4650,9.3610,8.9540,8.5400,8.3710
240|MEII ldcnd01 waveres Swell|1:spd:17|2:Tm:8.154|2:Tp:9.50$26.299,26.598,27.254,27.646,27.033,24.902,21.274,16.766,12.374,9.0450,7.2850,6.9950,7.6230,8.4870,9.0890,9.2570,9.1020,8.8630,8.7570
241|MEII ldcnd01 waveres Swell|1:spd:17|2:Tm:8.583|2:Tp:10.0$28.684,28.698,28.570,27.871,26.136,23.143,19.094,14.619,10.563,7.6550,6.2330,6.1450,6.8870,7.8610,8.6210,8.9930,9.0420,8.9550,8.9030
242|MEII ldcnd01 waveres Swell|1:spd:17|2:Tm:9.012|2:Tp:10.5$28.636,28.455,27.809,26.443,24.115,20.792,16.763,12.601,9.0020,6.5250,5.3950,5.4440,6.2250,7.2200,8.0400,8.5210,8.6990,8.7140,8.7020
243|MEII ldcnd01 waveres Swell|1:spd:17|2:Tm:9.441|2:Tp:11.0$27.018,26.723,25.782,24.079,21.535,18.233,14.480,10.772,7.6680,5.5980,4.7140,4.8510,5.6210,6.5800,7.3950,7.9190,8.1690,8.2500,8.2640
244|MEII ldcnd01 waveres Swell|1:spd:17|2:Tm:9.870|2:Tp:11.5$24.615,24.274,23.230,21.451,18.951,15.865,12.488,9.2440,6.5890,4.8610,4.1670,4.3520,5.0790,5.9680,6.7370,7.2570,7.5370,7.6530,7.6830
245|MEII ldcnd01 waveres Swell|1:spd:17|2:Tm:10.29|2:Tp:12.0$21.771,21.434,20.424,18.747,16.459,13.707,10.755,7.9640,5.7100,4.2700,3.7200,3.9220,4.5820,5.3790,6.0730,6.5570,6.8360,6.9650,7.0010
246|MEII ldcnd01 waveres Swell|1:spd:17|2:Tm:10.72|2:Tp:12.5$19.051,18.738,17.806,16.287,14.248,11.835,9.2800,6.8910,4.9810,3.7780,3.3410,3.5420,4.1290,4.8310,5.4460,5.8860,6.1520,6.2840,6.3230
247|MEII ldcnd01 waveres Swell|1:spd:17|2:Tm:11.15|2:Tp:13.0$16.650,16.370,15.536,14.185,12.391,10.286,8.0750,6.0230,4.3950,3.3800,3.0230,3.2090,3.7220,4.3320,4.8710,5.2650,5.5110,5.6390,5.6780
248|MEII ldcnd01 waveres Swell|1:spd:18|2:Tm:3.433|2:Tp:4.00$26.511,26.694,27.068,27.247,26.900,25.941,24.493,22.708,20.636,18.274,15.678,13.053,10.669,8.7310,7.2860,6.2560,5.5410,5.0990,4.9460
249|MEII ldcnd01 waveres Swell|1:spd:18|2:Tm:3.862|2:Tp:4.50$21.959,22.118,22.495,22.867,23.028,22.881,22.414,21.607,20.389,18.690,16.540,14.110,11.664,9.4450,7.6000,6.1720,5.1560,4.5440,4.3380
250|MEII ldcnd01 waveres Swell|1:spd:18|2:Tm:4.291|2:Tp:5.00$18.184,18.385,18.926,19.656,20.392,20.951,21.160,20.872,20.007,18.601,16.795,14.784,12.728,10.721,8.8260,7.1300,5.7620,4.8660,4.5530
251|MEII ldcnd01 waveres Swell|1:spd:18|2:Tm:4.720|2:Tp:5.50$15.547,15.794,16.507,17.587,18.839,19.964,20.621,20.558,19.730,18.332,16.670,14.976,13.303,11.578,9.7520,7.9230,6.3260,5.2320,4.8440
252|MEII ldcnd01 waveres Swell|1:spd:18|2:Tm:5.149|2:Tp:6.00$13.858,14.172,15.114,16.624,18.465,20.174,21.200,21.155,20.051,18.294,16.423,14.780,13.354,11.903,10.235,8.4050,6.7030,5.4950,5.0590
253|MEII ldcnd01 waveres Swell|1:spd:18|2:Tm:5.579|2:Tp:6.50$13.141,13.538,14.746,16.711,19.108,21.278,22.451,22.148,20.492,18.149,15.913,14.236,13.039,11.917,10.530,8.8680,7.2380,6.0490,5.6140
254|MEII ldcnd01 waveres Swell|1:spd:18|2:Tm:6.008|2:Tp:7.00$13.380,13.875,15.365,17.733,20.507,22.822,23.753,22.847,20.433,17.462,14.931,13.322,12.439,11.719,10.718,9.3860,8.0180,7.0040,6.6330
255|MEII ldcnd01 waveres Swell|1:spd:18|2:Tm:6.437|2:Tp:7.50$14.091,14.724,16.566,19.330,22.306,24.444,24.785,23.037,19.805,16.287,13.584,12.120,11.560,11.208,10.544,9.4930,8.3370,7.4580,7.1330
256|MEII ldcnd01 waveres Swell|1:spd:18|2:Tm:6.866|2:Tp:8.00$15.811,16.561,18.660,21.591,24.410,25.961,25.395,22.676,18.686,14.779,12.049,10.803,10.569,10.562,10.216,9.4260,8.4590,7.6890,7.3980
257|MEII ldcnd01 waveres Swell|1:spd:18|2:Tm:7.295|2:Tp:8.50$19.312,20.077,22.125,24.715,26.756,27.163,25.355,21.622,17.058,13.017,10.451,9.5060,9.6150,9.9630,9.9670,9.4920,8.7630,8.1340,7.8900
258|MEII ldcnd01 waveres Swell|1:spd:18|2:Tm:7.724|2:Tp:9.00$23.438,24.079,25.705,27.499,28.395,27.502,24.546,20.070,15.239,11.297,9.0040,8.3600,8.7560,9.3970,9.7140,9.5460,9.0680,8.6000,8.4100
259|MEII ldcnd01 waveres Swell|1:spd:18|2:Tm:8.154|2:Tp:9.50$27.732,28.072,28.830,29.329,28.756,26.546,22.709,17.906,13.204,9.6200,7.6970,7.3300,7.9290,8.7720,9.3360,9.4460,9.2260,8.9380,8.8110
260|MEII ldcnd01 waveres Swell|1:spd:18|2:Tm:8.583|2:Tp:10.0$30.554,30.586,30.493,29.797,27.985,24.804,20.469,15.663,11.297,8.1560,6.5970,6.4510,7.1750,8.1340,8.8610,9.1820,9.1740,9.0410,8.9730
261|MEII ldcnd01 waveres Swell|1:spd:18|2:Tm:9.012|2:Tp:10.5$30.709,30.525,29.854,28.410,25.924,22.353,18.010,13.520,9.6360,6.9560,5.7130,5.7180,6.4880,7.4720,8.2650,8.7020,8.8310,8.8090,8.7820
262|MEII ldcnd01 waveres Swell|1:spd:18|2:Tm:9.441|2:Tp:11.0$29.111,28.794,27.784,25.948,23.202,19.629,15.568,11.560,8.2060,5.9640,4.9880,5.0920,5.8540,6.8050,7.5980,8.0860,8.2970,8.3480,8.3500
263|MEII ldcnd01 waveres Swell|1:spd:18|2:Tm:9.870|2:Tp:11.5$26.584,26.212,25.080,23.148,20.433,17.084,13.424,9.9150,7.0450,5.1720,4.4010,4.5570,5.2780,6.1620,6.9150,7.4080,7.6570,7.7510,7.7710
264|MEII ldcnd01 waveres Swell|1:spd:18|2:Tm:10.29|2:Tp:12.0$23.518,23.153,22.052,20.226,17.739,14.750,11.551,8.5330,6.0970,4.5330,3.9170,4.0930,4.7470,5.5400,6.2240,6.6890,6.9460,7.0580,7.0880
265|MEII ldcnd01 waveres Swell|1:spd:18|2:Tm:10.72|2:Tp:12.5$20.566,20.226,19.212,17.558,15.342,12.723,9.9570,7.3730,5.3090,4.0000,3.5040,3.6810,4.2630,4.9630,5.5730,6.0010,6.2520,6.3720,6.4060
266|MEII ldcnd01 waveres Swell|1:spd:18|2:Tm:11.15|2:Tp:13.0$17.958,17.652,16.745,15.277,13.329,11.047,8.6550,6.4350,4.6730,3.5660,3.1570,3.3220,3.8310,4.4420,4.9790,5.3660,5.6020,5.7210,5.7560
267|MEII ldcnd01 waveres Swell|1:spd:19|2:Tm:3.433|2:Tp:4.00$28.268,28.451,28.811,28.938,28.483,27.365,25.731,23.750,21.492,18.945,16.177,13.410,10.944,9.0040,7.6380,6.7390,6.1640,5.8280,5.7150
268|MEII ldcnd01 waveres Swell|1:spd:19|2:Tm:3.862|2:Tp:4.50$23.278,23.438,23.809,24.156,24.261,24.035,23.480,22.597,21.327,19.608,17.465,15.051,12.599,10.323,8.3640,6.7870,5.6260,4.9080,4.6640
269|MEII ldcnd01 waveres Swell|1:spd:19|2:Tm:4.291|2:Tp:5.00$19.153,19.358,19.910,20.648,21.377,21.915,22.096,21.780,20.892,19.464,17.622,15.531,13.335,11.143,9.0620,7.2290,5.7960,4.8890,4.5780
270|MEII ldcnd01 waveres Swell|1:spd:19|2:Tm:4.720|2:Tp:5.50$16.263,16.520,17.256,18.365,19.639,20.778,21.437,21.368,20.539,19.134,17.438,15.647,13.796,11.837,9.7900,7.8230,6.1930,5.1290,4.7610
271|MEII ldcnd01 waveres Swell|1:spd:19|2:Tm:5.149|2:Tp:6.00$14.387,14.713,15.687,17.243,19.132,20.885,21.938,21.909,20.811,19.052,17.153,15.426,13.831,12.138,10.212,8.1780,6.3670,5.1270,4.6880
272|MEII ldcnd01 waveres Swell|1:spd:19|2:Tm:5.579|2:Tp:6.50$13.520,13.933,15.188,17.226,19.711,21.966,23.200,22.923,21.254,18.872,16.569,14.787,13.428,12.087,10.457,8.5810,6.8040,5.5400,5.0840
273|MEII ldcnd01 waveres Swell|1:spd:19|2:Tm:6.008|2:Tp:7.00$13.651,14.169,15.732,18.219,21.136,23.589,24.614,23.729,21.261,18.186,15.523,13.773,12.741,11.866,10.715,9.2620,7.8150,6.7630,6.3810
274|MEII ldcnd01 waveres Swell|1:spd:19|2:Tm:6.437|2:Tp:7.50$14.359,15.024,16.964,19.884,23.047,25.351,25.790,24.033,20.695,17.014,14.138,12.517,11.822,11.357,10.600,9.4840,8.2940,7.4020,7.0750
275|MEII ldcnd01 waveres Swell|1:spd:19|2:Tm:6.866|2:Tp:8.00$16.172,16.964,19.188,22.308,25.337,27.056,26.554,23.771,19.615,15.502,12.577,11.176,10.825,10.729,10.311,9.4730,8.4810,7.7040,7.4130
276|MEII ldcnd01 waveres Swell|1:spd:19|2:Tm:7.295|2:Tp:8.50$19.858,20.681,22.885,25.691,27.947,28.483,26.671,22.796,18.000,13.715,10.950,9.8670,9.8830,10.160,10.103,9.5800,8.8200,8.1780,7.9310
277|MEII ldcnd01 waveres Swell|1:spd:19|2:Tm:7.724|2:Tp:9.00$24.309,25.011,26.796,28.792,29.857,29.020,25.969,21.271,16.157,11.953,9.4680,8.7080,9.0340,9.6200,9.8820,9.6640,9.1500,8.6620,8.4660
278|MEII ldcnd01 waveres Swell|1:spd:19|2:Tm:8.154|2:Tp:9.50$29.128,29.511,30.379,30.995,30.473,28.195,24.157,19.061,14.049,10.209,8.1170,7.6580,8.2060,9.0060,9.5220,9.5840,9.3260,9.0140,8.8810
279|MEII ldcnd01 waveres Swell|1:spd:19|2:Tm:8.583|2:Tp:10.0$32.417,32.470,32.417,31.737,29.856,26.492,21.872,16.731,12.051,8.6730,6.9690,6.7520,7.4390,8.3650,9.0510,9.3280,9.2840,9.1300,9.0540
280|MEII ldcnd01 waveres Swell|1:spd:19|2:Tm:9.012|2:Tp:10.5$32.816,32.629,31.937,30.420,27.775,23.955,19.291,14.466,10.288,7.3970,6.0320,5.9800,6.7220,7.6810,8.4410,8.8430,8.9440,8.9040,8.8720
281|MEII ldcnd01 waveres Swell|1:spd:19|2:Tm:9.441|2:Tp:11.0$31.278,30.940,29.858,27.886,24.927,21.073,16.693,12.371,8.7580,6.3350,5.2560,5.3110,6.0510,6.9830,7.7530,8.2160,8.4070,8.4460,8.4450
282|MEII ldcnd01 waveres Swell|1:spd:19|2:Tm:9.870|2:Tp:11.5$28.645,28.243,27.016,24.922,21.979,18.351,14.395,10.607,7.5120,5.4840,4.6250,4.7410,5.4420,6.3120,7.0490,7.5250,7.7630,7.8490,7.8660
283|MEII ldcnd01 waveres Swell|1:spd:19|2:Tm:10.29|2:Tp:12.0$25.360,24.961,23.763,21.778,19.076,15.837,12.378,9.1200,6.4930,4.7970,4.1060,4.2460,4.8830,5.6660,6.3390,6.7950,7.0450,7.1530,7.1810
284|MEII ldcnd01 waveres Swell|1:spd:19|2:Tm:10.72|2:Tp:12.5$22.167,21.796,20.691,18.892,16.486,13.649,10.659,7.8720,5.6450,4.2240,3.6630,3.8080,4.3770,5.0690,5.6730,6.0960,6.3430,6.4620,6.4960
285|MEII ldcnd01 waveres Swell|1:spd:19|2:Tm:11.15|2:Tp:13.0$19.337,19.004,18.018,16.423,14.310,11.840,9.2560,6.8620,4.9600,3.7560,3.2890,3.4270,3.9250,4.5320,5.0670,5.4510,5.6860,5.8050,5.8410
286|MEII ldcnd01 waveres Swell|1:spd:20|2:Tm:3.433|2:Tp:4.00$30.087,30.267,30.613,30.684,30.118,28.836,27.011,24.864,22.507,19.969,17.316,14.736,12.458,10.642,9.3000,8.3430,7.6740,7.2590,7.1140
287|MEII ldcnd01 waveres Swell|1:spd:20|2:Tm:3.862|2:Tp:4.50$24.643,24.802,25.167,25.486,25.533,25.223,24.579,23.625,22.319,20.598,18.472,16.079,13.640,11.366,9.3950,7.7940,6.6000,5.8550,5.5990
288|MEII ldcnd01 waveres Swell|1:spd:20|2:Tm:4.291|2:Tp:5.00$20.153,20.365,20.927,21.670,22.389,22.905,23.059,22.737,21.881,20.525,18.778,16.771,14.613,12.391,10.217,8.2550,6.6940,5.6950,5.3520
289|MEII ldcnd01 waveres Swell|1:spd:20|2:Tm:4.720|2:Tp:5.50$17.003,17.268,18.028,19.164,20.459,21.605,22.268,22.219,21.445,20.153,18.615,16.997,15.286,13.384,11.285,9.1690,7.3480,6.1240,5.6950
290|MEII ldcnd01 waveres Swell|1:spd:20|2:Tm:5.149|2:Tp:6.00$14.936,15.273,16.275,17.870,19.795,21.575,22.648,22.646,21.607,19.952,18.202,16.636,15.169,13.528,11.554,9.3850,7.4020,6.0190,5.5250
291|MEII ldcnd01 waveres Swell|1:spd:20|2:Tm:5.579|2:Tp:6.50$13.917,14.345,15.642,17.742,20.296,22.613,23.892,23.648,22.017,19.690,17.465,15.762,14.441,13.061,11.299,9.2220,7.2280,5.7980,5.2810
292|MEII ldcnd01 waveres Swell|1:spd:20|2:Tm:6.008|2:Tp:7.00$13.937,14.479,16.108,18.704,21.754,24.330,25.441,24.586,22.103,18.990,16.298,14.527,13.455,12.469,11.096,9.3150,7.5030,6.1620,5.6700
293|MEII ldcnd01 waveres Swell|1:spd:20|2:Tm:6.437|2:Tp:7.50$14.641,15.337,17.367,20.431,23.771,26.238,26.771,25.017,21.606,17.818,14.848,13.165,12.416,11.852,10.906,9.5050,7.9930,6.8440,6.4180
294|MEII ldcnd01 waveres Swell|1:spd:20|2:Tm:6.866|2:Tp:8.00$16.539,17.371,19.712,23.011,26.242,28.125,27.691,24.858,20.568,16.297,13.250,11.782,11.396,11.247,10.720,9.7130,8.5280,7.5970,7.2470
295|MEII ldcnd01 waveres Swell|1:spd:20|2:Tm:7.295|2:Tp:8.50$20.392,21.268,23.627,26.650,29.118,29.788,27.976,23.973,18.971,14.485,11.582,10.437,10.434,10.682,10.553,9.9110,9.0140,8.2630,7.9740
296|MEII ldcnd01 waveres Swell|1:spd:20|2:Tm:7.724|2:Tp:9.00$25.158,25.920,27.867,30.073,31.311,30.537,27.399,22.488,17.110,12.676,10.051,9.2360,9.5520,10.121,10.323,10.001,9.3670,8.7840,8.5520
297|MEII ldcnd01 waveres Swell|1:spd:20|2:Tm:8.154|2:Tp:9.50$30.514,30.944,31.927,32.668,32.208,29.867,25.631,20.245,14.932,10.858,8.6340,8.1320,8.6780,9.4670,9.9310,9.9000,9.5340,9.1380,8.9720
298|MEII ldcnd01 waveres Swell|1:spd:20|2:Tm:8.583|2:Tp:10.0$34.298,34.374,34.373,33.715,31.771,28.226,23.316,17.834,12.841,9.2380,7.4160,7.1660,7.8570,8.7770,9.4200,9.6170,9.4800,9.2510,9.1470
299|MEII ldcnd01 waveres Swell|1:spd:20|2:Tm:9.012|2:Tp:10.5$34.987,34.799,34.089,32.500,29.698,25.618,20.622,15.450,10.974,7.8780,6.4100,6.3300,7.0770,8.0340,8.7620,9.1000,9.1250,9.0230,8.9670
300|MEII ldcnd01 waveres Swell|1:spd:20|2:Tm:9.441|2:Tp:11.0$33.551,33.192,32.035,29.922,26.739,22.589,17.870,13.221,9.3390,6.7370,5.5690,5.6000,6.3440,7.2780,8.0260,8.4410,8.5730,8.5630,8.5420
301|MEII ldcnd01 waveres Swell|1:spd:20|2:Tm:9.870|2:Tp:11.5$30.833,30.399,29.070,26.801,23.614,19.690,15.415,11.333,8.0040,5.8220,4.8860,4.9810,5.6870,6.5600,7.2820,7.7230,7.9140,7.9610,7.9630
302|MEII ldcnd01 waveres Swell|1:spd:20|2:Tm:10.29|2:Tp:12.0$27.323,26.889,25.587,23.430,20.497,16.988,13.249,9.7370,6.9100,5.0840,4.3280,4.4490,5.0910,5.8790,6.5420,6.9710,7.1830,7.2590,7.2750
303|MEII ldcnd01 waveres Swell|1:spd:20|2:Tm:10.72|2:Tp:12.5$23.879,23.475,22.273,20.315,17.702,14.629,11.399,8.3950,5.9990,4.4680,3.8510,3.9820,4.5550,5.2530,5.8510,6.2530,6.4700,6.5620,6.5850
304|MEII ldcnd01 waveres Swell|1:spd:20|2:Tm:11.15|2:Tp:13.0$20.816,20.454,19.379,17.645,15.353,12.679,9.8880,7.3090,5.2620,3.9630,3.4490,3.5750,4.0780,4.6920,5.2230,5.5910,5.8010,5.8980,5.9240
305|MEII ldcnd01 waveres Swell|1:spd:21|2:Tm:3.433|2:Tp:4.00$32.001,32.181,32.511,32.525,31.837,30.381,28.354,26.011,23.486,20.820,18.091,15.486,13.229,11.450,10.125,9.1350,8.3920,7.9000,7.7250
306|MEII ldcnd01 waveres Swell|1:spd:21|2:Tm:3.862|2:Tp:4.50$26.077,26.237,26.596,26.884,26.868,26.469,25.735,24.722,23.416,21.761,19.749,17.469,15.083,12.762,10.640,8.8240,7.4150,6.5130,6.2030
307|MEII ldcnd01 waveres Swell|1:spd:21|2:Tm:4.291|2:Tp:5.00$21.205,21.422,21.995,22.742,23.450,23.938,24.070,23.760,22.988,21.805,20.294,18.516,16.488,14.231,11.849,9.5670,7.6770,6.4360,6.0060
308|MEII ldcnd01 waveres Swell|1:spd:21|2:Tm:4.720|2:Tp:5.50$17.782,18.056,18.839,19.999,21.309,22.459,23.125,23.094,22.374,21.155,19.665,18.009,16.146,14.016,11.692,9.4380,7.5860,6.3960,5.9900
309|MEII ldcnd01 waveres Swell|1:spd:21|2:Tm:5.149|2:Tp:6.00$15.516,15.863,16.893,18.516,20.462,22.250,23.332,23.358,22.385,20.816,19.108,17.471,15.805,13.908,11.750,9.5710,7.7440,6.5630,6.1600
310|MEII ldcnd01 waveres Swell|1:spd:21|2:Tm:5.579|2:Tp:6.50$14.340,14.782,16.115,18.263,20.863,23.215,24.521,24.320,22.774,20.572,18.466,16.801,15.392,13.829,11.896,9.7630,7.8500,6.5560,6.1040
311|MEII ldcnd01 waveres Swell|1:spd:21|2:Tm:6.008|2:Tp:7.00$14.246,14.808,16.500,19.191,22.353,25.034,26.219,25.403,22.944,19.857,17.184,15.388,14.199,13.005,11.391,9.4200,7.5160,6.1600,5.6730
312|MEII ldcnd01 waveres Swell|1:spd:21|2:Tm:6.437|2:Tp:7.50$14.937,15.660,17.771,20.971,24.473,27.089,27.714,25.976,22.521,18.671,15.641,13.890,13.029,12.291,11.136,9.5460,7.9060,6.6970,6.2550
313|MEII ldcnd01 waveres Swell|1:spd:21|2:Tm:6.866|2:Tp:8.00$16.903,17.771,20.219,23.687,27.113,29.158,28.797,25.931,21.534,17.136,13.991,12.453,11.993,11.740,11.083,9.9520,8.6800,7.7050,7.3430
314|MEII ldcnd01 waveres Swell|1:spd:21|2:Tm:7.295|2:Tp:8.50$20.893,21.823,24.332,27.568,30.250,31.062,29.264,25.148,19.962,15.299,12.276,11.065,11.014,11.195,10.973,10.236,9.2710,8.4840,8.1850
315|MEII ldcnd01 waveres Swell|1:spd:21|2:Tm:7.724|2:Tp:9.00$25.959,26.784,28.896,31.318,32.740,32.041,28.830,23.719,18.090,13.442,10.684,9.8100,10.093,10.611,10.738,10.333,9.6350,9.0170,8.7740
316|MEII ldcnd01 waveres Swell|1:spd:21|2:Tm:8.154|2:Tp:9.50$31.865,32.346,33.457,34.340,33.955,31.562,27.132,21.459,15.848,11.542,9.1860,8.6320,9.1550,9.9070,10.310,10.209,9.7870,9.3580,9.1830
317|MEII ldcnd01 waveres Swell|1:spd:21|2:Tm:8.583|2:Tp:10.0$36.180,36.285,36.348,35.730,33.740,30.017,24.813,18.983,13.667,9.8320,7.8870,7.5920,8.2670,9.1600,9.7560,9.8970,9.7140,9.4580,9.3450
318|MEII ldcnd01 waveres Swell|1:spd:21|2:Tm:9.012|2:Tp:10.5$37.217,37.034,36.314,34.664,31.705,27.360,22.018,16.483,11.694,8.3850,6.8060,6.6880,7.4230,8.3620,9.0550,9.3520,9.3410,9.2180,9.1560
319|MEII ldcnd01 waveres Swell|1:spd:21|2:Tm:9.441|2:Tp:11.0$35.945,35.563,34.334,32.074,28.657,24.193,19.115,14.118,9.9530,7.1640,5.9010,5.9000,6.6350,7.5560,8.2790,8.6650,8.7720,8.7470,8.7220
320|MEII ldcnd01 waveres Swell|1:spd:21|2:Tm:9.870|2:Tp:11.5$33.169,32.701,31.264,28.809,25.361,21.115,16.500,12.103,8.5260,6.1830,5.1670,5.2340,5.9340,6.7990,7.5040,7.9240,8.0970,8.1340,8.1330
321|MEII ldcnd01 waveres Swell|1:spd:21|2:Tm:10.29|2:Tp:12.0$29.436,28.965,27.548,25.204,22.020,18.216,14.175,10.390,7.3520,5.3900,4.5660,4.6660,5.3040,6.0870,6.7380,7.1520,7.3510,7.4210,7.4340
322|MEII ldcnd01 waveres Swell|1:spd:21|2:Tm:10.72|2:Tp:12.5$25.730,25.289,23.979,21.847,19.009,15.677,12.185,8.9490,6.3740,4.7280,4.0550,4.1670,4.7390,5.4350,6.0250,6.4160,6.6240,6.7110,6.7330
323|MEII ldcnd01 waveres Swell|1:spd:21|2:Tm:11.15|2:Tp:13.0$22.417,22.021,20.851,18.964,16.473,13.576,10.562,7.7830,5.5830,4.1850,3.6230,3.7340,4.2370,4.8510,5.3780,5.7390,5.9420,6.0350,6.0600
324|MEII ldcnd01 waveres Swell|1:spd:22|2:Tm:3.433|2:Tp:4.00$33.941,34.118,34.431,34.386,33.576,31.940,29.709,27.176,24.514,21.790,19.101,16.632,14.572,12.979,11.744,10.705,9.8030,9.1410,8.8940
325|MEII ldcnd01 waveres Swell|1:spd:22|2:Tm:3.862|2:Tp:4.50$27.528,27.688,28.040,28.297,28.216,27.726,26.899,25.829,24.548,23.035,21.278,19.308,17.173,14.934,12.672,10.532,8.7330,7.5210,7.0930
326|MEII ldcnd01 waveres Swell|1:spd:22|2:Tm:4.291|2:Tp:5.00$22.268,22.490,23.073,23.823,24.518,24.978,25.075,24.729,23.903,22.617,20.937,18.941,16.707,14.312,11.887,9.6330,7.7960,6.5970,6.1810
327|MEII ldcnd01 waveres Swell|1:spd:22|2:Tm:4.720|2:Tp:5.50$18.570,18.853,19.657,20.840,22.164,23.313,23.969,23.917,23.139,21.794,20.097,18.186,16.089,13.817,11.477,9.3000,7.5600,6.4580,6.0840
328|MEII ldcnd01 waveres Swell|1:spd:22|2:Tm:5.149|2:Tp:6.00$16.104,16.461,17.513,19.160,21.118,22.905,23.982,24.020,23.084,21.566,19.898,18.254,16.524,14.509,12.209,9.8930,7.9590,6.7130,6.2880
329|MEII ldcnd01 waveres Swell|1:spd:22|2:Tm:5.579|2:Tp:6.50$14.772,15.225,16.587,18.768,21.393,23.761,25.084,24.924,23.474,21.426,19.496,17.959,16.565,14.874,12.697,10.276,8.1070,6.6440,6.1330
330|MEII ldcnd01 waveres Swell|1:spd:22|2:Tm:6.008|2:Tp:7.00$14.564,15.143,16.882,19.646,22.893,25.655,26.903,26.135,23.726,20.707,18.117,16.381,15.183,13.875,12.043,9.7940,7.6200,6.0720,5.5150
331|MEII ldcnd01 waveres Swell|1:spd:22|2:Tm:6.437|2:Tp:7.50$15.236,15.980,18.160,21.469,25.108,27.855,28.566,26.856,23.382,19.499,16.450,14.689,13.788,12.929,11.536,9.6120,7.6150,6.1290,5.5830
332|MEII ldcnd01 waveres Swell|1:spd:22|2:Tm:6.866|2:Tp:8.00$17.256,18.155,20.698,24.316,27.920,30.117,29.832,26.945,22.454,17.945,14.716,13.130,12.619,12.239,11.326,9.8140,8.1160,6.8020,6.3110
333|MEII ldcnd01 waveres Swell|1:spd:22|2:Tm:7.295|2:Tp:8.50$21.363,22.344,24.993,28.433,31.322,32.275,30.499,26.281,20.920,16.080,12.937,11.670,11.580,11.671,11.257,10.226,8.9280,7.8750,7.4740
334|MEII ldcnd01 waveres Swell|1:spd:22|2:Tm:7.724|2:Tp:9.00$26.709,27.594,29.872,32.507,34.116,33.499,30.223,24.921,19.045,14.178,11.283,10.353,10.614,11.083,11.090,10.496,9.5820,8.7920,8.4830
335|MEII ldcnd01 waveres Swell|1:spd:22|2:Tm:8.154|2:Tp:9.50$33.150,33.681,34.925,35.959,35.661,33.228,28.615,22.660,16.747,12.201,9.7060,9.1000,9.6120,10.337,10.661,10.429,9.8540,9.3030,9.0810
336|MEII ldcnd01 waveres Swell|1:spd:22|2:Tm:8.583|2:Tp:10.0$37.999,38.138,38.275,37.712,35.686,31.797,26.308,20.129,14.486,10.408,8.3300,7.9900,8.6600,9.5380,10.076,10.115,9.8100,9.4550,9.3050
337|MEII ldcnd01 waveres Swell|1:spd:22|2:Tm:9.012|2:Tp:10.5$39.429,39.250,38.528,36.826,33.717,29.113,23.427,17.523,12.415,8.8820,7.1850,7.0300,7.7640,8.6930,9.3410,9.5540,9.4410,9.2350,9.1400
338|MEII ldcnd01 waveres Swell|1:spd:22|2:Tm:9.441|2:Tp:11.0$38.369,37.967,36.667,34.261,30.608,25.825,20.381,15.028,10.572,7.5880,6.2260,6.1950,6.9320,7.8470,8.5340,8.8500,8.8710,8.7750,8.7220
339|MEII ldcnd01 waveres Swell|1:spd:22|2:Tm:9.870|2:Tp:11.5$35.569,35.063,33.518,30.872,27.153,22.577,17.610,12.887,9.0530,6.5440,5.4450,5.4890,6.1920,7.0550,7.7310,8.0940,8.1940,8.1690,8.1450
340|MEII ldcnd01 waveres Swell|1:spd:22|2:Tm:10.29|2:Tp:12.0$31.620,31.110,29.575,27.035,23.589,19.480,15.124,11.056,7.7990,5.6960,4.8030,4.8840,5.5270,6.3100,6.9400,7.3060,7.4440,7.4610,7.4540
341|MEII ldcnd01 waveres Swell|1:spd:22|2:Tm:10.72|2:Tp:12.5$27.650,27.171,25.747,23.434,20.357,16.754,12.991,9.5130,6.7520,4.9870,4.2550,4.3540,4.9310,5.6300,6.2040,6.5560,6.7120,6.7540,6.7580
342|MEII ldcnd01 waveres Swell|1:spd:22|2:Tm:11.15|2:Tp:13.0$24.082,23.650,22.379,20.329,17.631,14.500,11.251,8.2650,5.9060,4.4060,3.7940,3.8940,4.4040,5.0220,5.5370,5.8650,6.0240,6.0780,6.0880
343|MEII ldcnd01 waveres Swell|1:spd:23|2:Tm:3.433|2:Tp:4.00$35.980,36.157,36.452,36.341,35.402,33.577,31.134,28.398,25.559,22.674,19.802,17.101,14.764,12.898,11.465,10.351,9.4830,8.8980,8.6870
344|MEII ldcnd01 waveres Swell|1:spd:23|2:Tm:3.862|2:Tp:4.50$29.052,29.212,29.556,29.781,29.632,29.047,28.118,26.969,25.632,24.055,22.172,19.974,17.534,14.990,12.523,10.334,8.6170,7.5260,7.1520
345|MEII ldcnd01 waveres Swell|1:spd:23|2:Tm:4.291|2:Tp:5.00$23.384,23.611,24.205,24.959,25.639,26.069,26.134,25.768,24.941,23.649,21.931,19.850,17.486,14.952,12.415,10.098,8.2420,7.0470,6.6360
346|MEII ldcnd01 waveres Swell|1:spd:23|2:Tm:4.720|2:Tp:5.50$19.396,19.688,20.514,21.719,23.056,24.209,24.865,24.823,24.070,22.750,21.044,19.069,16.856,14.451,12.000,9.7640,8.0140,6.9260,6.5620
347|MEII ldcnd01 waveres Swell|1:spd:23|2:Tm:5.149|2:Tp:6.00$16.722,17.087,18.160,19.827,21.796,23.580,24.655,24.705,23.799,22.302,20.601,18.848,16.955,14.791,12.421,10.143,8.3230,7.1940,6.8190
348|MEII ldcnd01 waveres Swell|1:spd:23|2:Tm:5.579|2:Tp:6.50$15.227,15.689,17.073,19.277,21.915,24.285,25.614,25.473,24.052,22.016,20.032,18.354,16.768,14.921,12.718,10.434,8.5150,7.2880,6.8740
349|MEII ldcnd01 waveres Swell|1:spd:23|2:Tm:6.008|2:Tp:7.00$14.899,15.490,17.261,20.073,23.377,26.195,27.495,26.777,24.410,21.414,18.790,16.926,15.520,14.005,12.094,9.9770,8.1080,6.8730,6.4490
350|MEII ldcnd01 waveres Swell|1:spd:23|2:Tm:6.437|2:Tp:7.50$15.539,16.299,18.528,21.920,25.669,28.525,29.323,27.656,24.187,20.278,17.172,15.304,14.246,13.226,11.761,9.9200,8.1430,6.8910,6.4460
351|MEII ldcnd01 waveres Swell|1:spd:23|2:Tm:6.866|2:Tp:8.00$17.596,18.521,21.146,24.896,28.660,31.003,30.799,27.910,23.344,18.729,15.395,13.714,13.114,12.658,11.713,10.237,8.6360,7.4270,6.9820
352|MEII ldcnd01 waveres Swell|1:spd:23|2:Tm:7.295|2:Tp:8.50$21.804,22.832,25.617,29.252,32.345,33.443,31.700,27.393,21.865,16.844,13.555,12.192,12.042,12.095,11.665,10.649,9.3930,8.3870,8.0070
353|MEII ldcnd01 waveres Swell|1:spd:23|2:Tm:7.724|2:Tp:9.00$27.424,28.368,30.811,33.662,35.466,34.941,31.613,26.128,20.004,14.902,11.838,10.811,11.024,11.468,11.465,10.878,9.9900,9.2280,8.9320
354|MEII ldcnd01 waveres Swell|1:spd:23|2:Tm:8.154|2:Tp:9.50$34.410,34.997,36.381,37.574,37.374,34.910,30.122,23.884,17.662,12.857,10.190,9.4960,9.9700,10.679,10.997,10.773,10.218,9.6890,9.4760
355|MEII ldcnd01 waveres Swell|1:spd:23|2:Tm:8.583|2:Tp:10.0$39.827,40.001,40.222,39.723,37.671,33.623,27.847,21.313,15.329,10.989,8.7500,8.3320,8.9740,9.8420,10.381,10.429,10.142,9.8060,9.6630
356|MEII ldcnd01 waveres Swell|1:spd:23|2:Tm:9.012|2:Tp:10.5$41.702,41.532,40.813,39.061,35.804,30.934,24.893,18.608,13.164,9.3890,7.5510,7.3330,8.0450,8.9700,9.6210,9.8440,9.7480,9.5580,9.4700
357|MEII ldcnd01 waveres Swell|1:spd:23|2:Tm:9.441|2:Tp:11.0$40.916,40.492,39.118,36.560,32.660,27.542,21.712,15.985,11.220,8.0250,6.5450,6.4640,7.1860,8.1000,8.7920,9.1190,9.1560,9.0750,9.0280
358|MEII ldcnd01 waveres Swell|1:spd:23|2:Tm:9.870|2:Tp:11.5$38.120,37.580,35.917,33.068,29.058,24.129,18.785,13.716,9.6080,6.9170,5.7200,5.7250,6.4180,7.2830,7.9660,8.3410,8.4570,8.4470,8.4280
359|MEII ldcnd01 waveres Swell|1:spd:23|2:Tm:10.29|2:Tp:12.0$33.967,33.414,31.750,28.997,25.267,20.827,16.132,11.761,8.2680,6.0110,5.0360,5.0850,5.7220,6.5100,7.1510,7.5300,7.6840,7.7150,7.7140
360|MEII ldcnd01 waveres Swell|1:spd:23|2:Tm:10.72|2:Tp:12.5$29.729,29.207,27.658,25.143,21.805,17.908,13.849,10.111,7.1490,5.2520,4.4510,4.5240,5.0980,5.8050,6.3910,6.7580,6.9300,6.9850,6.9950
361|MEII ldcnd01 waveres Swell|1:spd:23|2:Tm:11.15|2:Tp:13.0$25.889,25.419,24.033,21.802,18.875,15.487,11.984,8.7760,6.2440,4.6320,3.9610,4.0380,4.5480,5.1760,5.7040,6.0480,6.2220,6.2880,6.3030
362|MEII ldcnd01 waveres Swell|1:spd:24|2:Tm:3.433|2:Tp:4.00$38.042,38.216,38.492,38.316,37.245,35.233,32.581,29.658,26.676,23.684,20.722,17.921,15.470,13.479,11.918,10.676,9.6970,9.0310,8.7900
363|MEII ldcnd01 waveres Swell|1:spd:24|2:Tm:3.862|2:Tp:4.50$30.591,30.750,31.086,31.278,31.062,30.379,29.350,28.121,26.736,25.132,23.225,20.989,18.487,15.851,13.260,10.926,9.0640,7.8620,7.4460
364|MEII ldcnd01 waveres Swell|1:spd:24|2:Tm:4.291|2:Tp:5.00$24.510,24.743,25.349,26.105,26.771,27.172,27.207,26.822,25.987,24.701,22.997,20.931,18.566,15.991,13.351,10.872,8.8320,7.4890,7.0200
365|MEII ldcnd01 waveres Swell|1:spd:24|2:Tm:4.720|2:Tp:5.50$20.231,20.532,21.379,22.608,23.961,25.121,25.784,25.763,25.063,23.857,22.351,20.653,18.728,16.500,14.018,11.518,9.3670,7.9190,7.4100
366|MEII ldcnd01 waveres Swell|1:spd:24|2:Tm:5.149|2:Tp:6.00$17.346,17.721,18.816,20.506,22.488,24.280,25.361,25.427,24.558,23.141,21.593,20.079,18.461,16.511,14.185,11.735,9.5960,8.1600,7.6590
367|MEII ldcnd01 waveres Swell|1:spd:24|2:Tm:5.579|2:Tp:6.50$15.687,16.157,17.559,19.780,22.431,24.809,26.146,26.014,24.599,22.561,20.594,18.978,17.510,15.801,13.689,11.398,9.3780,8.0280,7.5590
368|MEII ldcnd01 waveres Swell|1:spd:24|2:Tm:6.008|2:Tp:7.00$15.235,15.833,17.622,20.461,23.797,26.656,28.003,27.330,24.997,22.027,19.438,17.649,16.358,14.974,13.148,11.030,9.0820,7.7490,7.2810
369|MEII ldcnd01 waveres Swell|1:spd:24|2:Tm:6.437|2:Tp:7.50$15.830,16.600,18.862,22.313,26.143,29.093,29.972,28.354,24.898,20.989,17.896,16.080,15.091,14.113,12.609,10.635,8.6700,7.2520,6.7400
370|MEII ldcnd01 waveres Swell|1:spd:24|2:Tm:6.866|2:Tp:8.00$17.903,18.851,21.542,25.403,29.311,31.790,31.676,28.798,24.177,19.486,16.105,14.420,13.822,13.311,12.203,10.461,8.5580,7.1090,6.5710
371|MEII ldcnd01 waveres Swell|1:spd:24|2:Tm:7.295|2:Tp:8.50$22.183,23.254,26.165,29.983,33.271,34.518,32.823,28.450,22.775,17.600,14.211,12.816,12.662,12.662,12.069,10.775,9.1950,7.9260,7.4440
372|MEII ldcnd01 waveres Swell|1:spd:24|2:Tm:7.724|2:Tp:9.00$28.049,29.052,31.653,34.720,36.719,36.299,32.938,27.294,20.941,15.627,12.431,11.365,11.587,12.011,11.890,11.071,9.8910,8.8840,8.4920
373|MEII ldcnd01 waveres Swell|1:spd:24|2:Tm:8.154|2:Tp:9.50$35.554,36.195,37.723,39.085,38.999,36.527,31.584,25.084,18.570,13.521,10.714,9.9810,10.474,11.186,11.430,11.034,10.254,9.5300,9.2400
374|MEII ldcnd01 waveres Swell|1:spd:24|2:Tm:8.583|2:Tp:10.0$41.534,41.749,42.063,41.647,39.592,35.405,29.363,22.490,16.174,11.584,9.2090,8.7590,9.4220,10.306,10.799,10.727,10.276,9.7960,9.5960
375|MEII ldcnd01 waveres Swell|1:spd:24|2:Tm:9.012|2:Tp:10.5$43.900,43.740,43.035,41.250,37.862,32.741,26.356,19.697,13.921,9.9110,7.9540,7.7100,8.4470,9.3900,10.012,10.145,9.9240,9.6230,9.4910
376|MEII ldcnd01 waveres Swell|1:spd:24|2:Tm:9.441|2:Tp:11.0$43.444,43.001,41.560,38.859,34.719,29.268,23.056,16.952,11.878,8.4750,6.8960,6.7980,7.5440,8.4780,9.1490,9.4050,9.3400,9.1680,9.0860
377|MEII ldcnd01 waveres Swell|1:spd:24|2:Tm:9.870|2:Tp:11.5$40.701,40.123,38.344,35.291,30.990,25.702,19.978,14.557,10.172,7.3020,6.0220,6.0150,6.7320,7.6170,8.2870,8.6030,8.6340,8.5480,8.4990
378|MEII ldcnd01 waveres Swell|1:spd:24|2:Tm:10.29|2:Tp:12.0$36.367,35.769,33.973,31.004,26.980,22.200,17.159,12.478,8.7460,6.3360,5.2900,5.3320,5.9930,6.8020,7.4330,7.7660,7.8480,7.8140,7.7860
379|MEII ldcnd01 waveres Swell|1:spd:24|2:Tm:10.72|2:Tp:12.5$31.870,31.302,29.622,26.896,23.288,19.086,14.723,10.718,7.5520,5.5250,4.6650,4.7320,5.3290,6.0580,6.6400,6.9690,7.0800,7.0790,7.0660
380|MEII ldcnd01 waveres Swell|1:spd:24|2:Tm:11.15|2:Tp:13.0$27.754,27.245,25.738,23.320,20.150,16.497,12.732,9.2950,6.5890,4.8650,4.1420,4.2160,4.7480,5.3960,5.9240,6.2350,6.3570,6.3750,6.3700
381|MEII ldcnd01 waveres Swell|1:spd:25|2:Tm:3.433|2:Tp:4.00$40.206,40.377,40.633,40.388,39.179,36.972,34.127,31.108,28.205,25.486,22.903,20.431,18.097,15.939,13.979,12.250,10.843,9.9030,9.5690
382|MEII ldcnd01 waveres Swell|1:spd:25|2:Tm:3.862|2:Tp:4.50$32.205,32.363,32.691,32.848,32.560,31.778,30.659,29.399,28.084,26.660,24.990,22.954,20.516,17.757,14.877,12.170,9.9580,8.5150,8.0130
383|MEII ldcnd01 waveres Swell|1:spd:25|2:Tm:4.291|2:Tp:5.00$25.690,25.927,26.546,27.306,27.959,28.333,28.349,27.990,27.267,26.208,24.826,23.089,20.929,18.325,15.400,12.464,9.9420,8.2420,7.6420
384|MEII ldcnd01 waveres Swell|1:spd:25|2:Tm:4.720|2:Tp:5.50$21.105,21.415,22.285,23.540,24.912,26.087,26.770,26.797,26.186,25.099,23.707,22.058,20.066,17.649,14.892,12.100,9.7070,8.1060,7.5450
385|MEII ldcnd01 waveres Swell|1:spd:25|2:Tm:5.149|2:Tp:6.00$18.000,18.385,19.504,21.221,23.226,25.037,26.143,26.249,25.426,24.032,22.443,20.797,18.971,16.784,14.255,11.679,9.4880,8.0480,7.5510
386|MEII ldcnd01 waveres Swell|1:spd:25|2:Tm:5.579|2:Tp:6.50$16.170,16.646,18.066,20.305,22.969,25.363,26.726,26.636,25.261,23.228,21.188,19.403,17.693,15.733,13.434,11.063,9.0580,7.7620,7.3210
387|MEII ldcnd01 waveres Swell|1:spd:25|2:Tm:6.008|2:Tp:7.00$15.588,16.188,17.990,20.837,24.191,27.079,28.476,27.870,25.598,22.625,19.913,17.843,16.150,14.352,12.234,10.030,8.1790,7.0020,6.6080
388|MEII ldcnd01 waveres Swell|1:spd:25|2:Tm:6.437|2:Tp:7.50$16.129,16.907,19.191,22.684,26.577,29.606,30.566,29.017,25.597,21.656,18.417,16.298,14.871,13.410,11.524,9.3780,7.4490,6.1600,5.7140
389|MEII ldcnd01 waveres Swell|1:spd:25|2:Tm:6.866|2:Tp:8.00$18.207,19.173,21.924,25.889,29.927,32.540,32.519,29.674,25.025,20.252,16.718,14.779,13.809,12.850,11.321,9.2950,7.2800,5.8340,5.3130
390|MEII ldcnd01 waveres Swell|1:spd:25|2:Tm:7.295|2:Tp:8.50$22.535,23.650,26.681,30.683,34.169,35.570,33.936,29.518,23.724,18.396,14.844,13.252,12.826,12.473,11.486,9.8340,7.9910,6.5740,6.0460
391|MEII ldcnd01 waveres Swell|1:spd:25|2:Tm:7.724|2:Tp:9.00$28.627,29.688,32.453,35.742,37.949,37.648,34.273,28.488,21.927,16.406,13.036,11.814,11.849,12.013,11.557,10.373,8.8630,7.6280,7.1550
392|MEII ldcnd01 waveres Swell|1:spd:25|2:Tm:8.154|2:Tp:9.50$36.647,37.348,39.032,40.578,40.623,38.158,33.077,26.329,19.533,14.242,11.260,10.399,10.755,11.277,11.267,10.581,9.5280,8.6110,8.2520
393|MEII ldcnd01 waveres Swell|1:spd:25|2:Tm:8.583|2:Tp:10.0$43.212,43.472,43.894,43.581,41.540,37.230,30.929,23.721,17.077,12.233,9.6910,9.1310,9.6910,10.434,10.743,10.466,9.8260,9.2150,8.9680
394|MEII ldcnd01 waveres Swell|1:spd:25|2:Tm:9.012|2:Tp:10.5$46.118,45.973,45.296,43.488,39.979,34.612,27.882,20.844,14.733,10.480,8.3740,8.0390,8.6920,9.5260,10.007,9.9860,9.6270,9.2320,9.0660
395|MEII ldcnd01 waveres Swell|1:spd:25|2:Tm:9.441|2:Tp:11.0$46.055,45.597,44.092,41.251,36.869,31.079,24.469,17.978,12.585,8.9640,7.2570,7.0850,7.7640,8.6090,9.1660,9.2960,9.1200,8.8730,8.7630
396|MEII ldcnd01 waveres Swell|1:spd:25|2:Tm:9.870|2:Tp:11.5$43.403,42.789,40.894,37.632,33.028,27.367,21.240,15.452,10.778,7.7180,6.3300,6.2610,6.9240,7.7370,8.3120,8.5250,8.4630,8.3130,8.2410
397|MEII ldcnd01 waveres Swell|1:spd:25|2:Tm:10.29|2:Tp:12.0$38.908,38.264,36.332,33.132,28.799,23.658,18.250,13.242,9.2590,6.6860,5.5500,5.5390,6.1560,6.9060,7.4610,7.7090,7.7140,7.6270,7.5810
398|MEII ldcnd01 waveres Swell|1:spd:25|2:Tm:10.72|2:Tp:12.5$34.155,33.542,31.721,28.771,24.870,20.341,15.654,11.366,7.9860,5.8210,4.8820,4.9060,5.4670,6.1480,6.6690,6.9280,6.9760,6.9320,6.9030
399|MEII ldcnd01 waveres Swell|1:spd:25|2:Tm:11.15|2:Tp:13.0$29.757,29.202,27.566,24.943,21.514,17.573,13.529,9.8490,6.9600,5.1170,4.3280,4.3650,4.8670,5.4770,5.9530,6.2070,6.2750,6.2560,6.2380
400|MEII ldcnd01 waveres Swell|1:spd:26|2:Tm:3.433|2:Tp:4.00$42.389,42.560,42.793,42.477,41.125,38.712,35.619,32.325,29.115,26.056,23.136,20.413,17.999,15.964,14.275,12.855,11.693,10.894,10.605
401|MEII ldcnd01 waveres Swell|1:spd:26|2:Tm:3.862|2:Tp:4.50$33.832,33.991,34.308,34.431,34.068,33.174,31.899,30.379,28.612,26.488,23.962,21.156,18.313,15.674,13.364,11.423,9.8950,8.8860,8.5300
402|MEII ldcnd01 waveres Swell|1:spd:26|2:Tm:4.291|2:Tp:5.00$26.878,27.122,27.752,28.517,29.157,29.502,29.474,29.024,28.097,26.650,24.697,22.326,19.676,16.908,14.196,11.740,9.7590,8.4660,8.0160
403|MEII ldcnd01 waveres Swell|1:spd:26|2:Tm:4.720|2:Tp:5.50$21.986,22.306,23.200,24.482,25.878,27.069,27.768,27.798,27.150,25.951,24.362,22.474,20.292,17.812,15.134,12.512,10.297,8.8210,8.3040
404|MEII ldcnd01 waveres Swell|1:spd:26|2:Tm:5.149|2:Tp:6.00$18.660,19.055,20.200,21.950,23.987,25.826,26.959,27.084,26.260,24.846,23.238,21.621,19.900,17.875,15.494,12.971,10.725,9.1860,8.6410
405|MEII ldcnd01 waveres Swell|1:spd:26|2:Tm:5.579|2:Tp:6.50$16.660,17.145,18.584,20.848,23.537,25.958,27.353,27.291,25.930,23.908,21.917,20.281,18.832,17.184,15.125,12.813,10.686,9.2080,8.6820
406|MEII ldcnd01 waveres Swell|1:spd:26|2:Tm:6.008|2:Tp:7.00$15.948,16.554,18.367,21.232,24.608,27.534,28.983,28.431,26.201,23.263,20.620,18.721,17.332,15.908,14.108,12.043,10.135,8.8190,8.3540
407|MEII ldcnd01 waveres Swell|1:spd:26|2:Tm:6.437|2:Tp:7.50$16.429,17.212,19.518,23.052,27.009,30.117,31.159,29.672,26.280,22.344,19.138,17.136,15.941,14.792,13.211,11.274,9.4280,8.1380,7.6810
408|MEII ldcnd01 waveres Swell|1:spd:26|2:Tm:6.866|2:Tp:8.00$18.492,19.476,22.282,26.343,30.509,33.250,33.327,30.518,25.844,21.013,17.445,15.542,14.688,13.903,12.569,10.722,8.8450,7.4830,6.9900
409|MEII ldcnd01 waveres Swell|1:spd:26|2:Tm:7.295|2:Tp:8.50$22.841,23.997,27.146,31.322,35.002,36.561,34.999,30.549,24.645,19.187,15.542,13.920,13.507,13.169,12.174,10.490,8.6080,7.1620,6.6240
410|MEII ldcnd01 waveres Swell|1:spd:26|2:Tm:7.724|2:Tp:9.00$29.135,30.254,33.179,36.685,39.104,38.933,35.562,29.653,22.898,17.184,13.685,12.402,12.397,12.479,11.867,10.466,8.7330,7.3300,6.7960
411|MEII ldcnd01 waveres Swell|1:spd:26|2:Tm:8.154|2:Tp:9.50$37.652,38.412,40.251,41.991,42.178,39.738,34.539,27.559,20.493,14.972,11.850,10.931,11.255,11.699,11.515,10.565,9.2190,8.0700,7.6230
412|MEII ldcnd01 waveres Swell|1:spd:26|2:Tm:8.583|2:Tp:10.0$44.796,45.103,45.643,45.445,43.437,39.023,32.481,24.951,17.987,12.896,10.218,9.6160,10.170,10.870,11.043,10.526,9.5980,8.7490,8.4100
413|MEII ldcnd01 waveres Swell|1:spd:26|2:Tm:9.012|2:Tp:10.5$48.265,48.141,47.499,45.688,42.074,36.476,29.410,21.999,15.554,11.063,8.8350,8.4710,9.1360,9.9570,10.346,10.143,9.5510,8.9590,8.7160
414|MEII ldcnd01 waveres Swell|1:spd:26|2:Tm:9.441|2:Tp:11.0$48.631,48.160,46.603,43.636,39.023,32.902,25.899,19.017,13.301,9.4630,7.6510,7.4610,8.1610,9.0130,9.5170,9.5250,9.1850,8.7960,8.6310
415|MEII ldcnd01 waveres Swell|1:spd:26|2:Tm:9.870|2:Tp:11.5$46.105,45.457,43.452,39.991,35.091,29.056,22.525,16.363,11.394,8.1420,6.6660,6.5850,7.2730,8.1020,8.6500,8.7800,8.6020,8.3500,8.2370
416|MEII ldcnd01 waveres Swell|1:spd:26|2:Tm:10.29|2:Tp:12.0$41.479,40.791,38.723,35.296,30.652,25.146,19.365,14.023,9.7820,7.0460,5.8340,5.8170,6.4590,7.2300,7.7700,7.9570,7.8730,7.7060,7.6280
417|MEII ldcnd01 waveres Swell|1:spd:26|2:Tm:10.72|2:Tp:12.5$36.491,35.828,33.866,30.688,26.490,21.625,16.608,12.030,8.4300,6.1250,5.1250,5.1440,5.7290,6.4320,6.9440,7.1560,7.1320,7.0210,6.9650
418|MEII ldcnd01 waveres Swell|1:spd:26|2:Tm:11.15|2:Tp:13.0$31.813,31.212,29.443,26.610,22.914,18.679,14.346,10.418,7.3400,5.3790,4.5370,4.5710,5.0960,5.7270,6.1980,6.4120,6.4190,6.3430,6.3010
419|MEII ldcnd01 waveres Swell|1:spd:27|2:Tm:3.433|2:Tp:4.00$44.678,44.846,45.056,44.665,43.162,40.526,37.155,33.555,30.035,26.695,23.577,20.781,18.437,16.582,15.111,13.879,12.836,12.093,11.818
420|MEII ldcnd01 waveres Swell|1:spd:27|2:Tm:3.862|2:Tp:4.50$35.535,35.694,36.002,36.087,35.646,34.636,33.210,31.514,29.538,27.184,24.441,21.479,18.591,16.025,13.875,12.120,10.750,9.8390,9.5150
421|MEII ldcnd01 waveres Swell|1:spd:27|2:Tm:4.291|2:Tp:5.00$28.121,28.372,29.014,29.785,30.413,30.733,30.681,30.222,29.283,27.780,25.688,23.103,20.214,17.271,14.513,12.144,10.325,9.1790,8.7880
422|MEII ldcnd01 waveres Swell|1:spd:27|2:Tm:4.720|2:Tp:5.50$22.907,23.238,24.158,25.472,26.895,28.111,28.841,28.914,28.301,27.076,25.341,23.174,20.634,17.827,14.971,12.364,10.305,9.0050,8.5640
423|MEII ldcnd01 waveres Swell|1:spd:27|2:Tm:5.149|2:Tp:6.00$19.351,19.757,20.931,22.719,24.797,26.674,27.844,27.993,27.132,25.540,23.561,21.415,19.149,16.754,14.311,12.031,10.190,9.0120,8.6100
424|MEII ldcnd01 waveres Swell|1:spd:27|2:Tm:5.579|2:Tp:6.50$17.174,17.667,19.132,21.430,24.157,26.618,28.055,28.013,26.582,24.309,21.840,19.566,17.518,15.535,13.530,11.614,10.032,9.0060,8.6540
425|MEII ldcnd01 waveres Swell|1:spd:27|2:Tm:6.008|2:Tp:7.00$16.323,16.937,18.768,21.662,25.077,28.054,29.566,29.073,26.848,23.806,20.919,18.667,16.926,15.275,13.458,11.573,9.9470,8.8760,8.5070
426|MEII ldcnd01 waveres Swell|1:spd:27|2:Tm:6.437|2:Tp:7.50$16.730,17.521,19.849,23.426,27.450,30.646,31.784,30.375,27.016,23.047,19.733,17.579,16.235,15.000,13.430,11.594,9.8920,8.7260,8.3160
427|MEII ldcnd01 waveres Swell|1:spd:27|2:Tm:6.866|2:Tp:8.00$18.756,19.754,22.611,26.761,31.049,33.925,34.116,31.368,26.693,21.802,18.136,16.121,15.175,14.350,13.042,11.281,9.5170,8.2490,7.7940
428|MEII ldcnd01 waveres Swell|1:spd:27|2:Tm:7.295|2:Tp:8.50$23.096,24.289,27.549,31.896,35.775,37.502,36.035,31.584,25.594,20.000,16.188,14.372,13.744,13.200,12.059,10.330,8.4960,7.1300,6.6290
429|MEII ldcnd01 waveres Swell|1:spd:27|2:Tm:7.724|2:Tp:9.00$29.563,30.739,33.820,37.550,40.194,40.176,36.837,30.834,23.905,17.985,14.264,12.724,12.405,12.140,11.217,9.6190,7.8230,6.4390,5.9230
430|MEII ldcnd01 waveres Swell|1:spd:27|2:Tm:8.154|2:Tp:9.50$38.556,39.379,41.382,43.327,43.681,41.294,36.005,28.818,21.493,15.726,12.382,11.235,11.282,11.390,10.853,9.5940,8.0320,6.7660,6.2840
431|MEII ldcnd01 waveres Swell|1:spd:27|2:Tm:8.583|2:Tp:10.0$46.285,46.646,47.314,47.254,45.306,40.816,34.056,26.219,18.941,13.586,10.708,9.9340,10.289,10.728,10.578,9.7140,8.4740,7.4080,6.9910
432|MEII ldcnd01 waveres Swell|1:spd:27|2:Tm:9.012|2:Tp:10.5$50.369,50.269,49.674,47.877,44.180,38.368,30.981,23.201,16.417,11.669,9.2660,8.7720,9.3010,9.9360,10.079,9.5870,8.7170,7.9210,7.6030
433|MEII ldcnd01 waveres Swell|1:spd:27|2:Tm:9.441|2:Tp:11.0$51.228,50.748,49.147,46.064,41.231,34.783,27.385,20.107,14.057,9.9800,8.0170,7.7260,8.3300,9.0580,9.3980,9.2150,8.6890,8.1640,7.9480
434|MEII ldcnd01 waveres Swell|1:spd:27|2:Tm:9.870|2:Tp:11.5$48.882,48.202,46.091,42.431,37.233,30.818,23.875,17.325,12.047,8.5820,6.9760,6.8140,7.4300,8.1730,8.6120,8.6180,8.3230,7.9860,7.8430
435|MEII ldcnd01 waveres Swell|1:spd:27|2:Tm:10.29|2:Tp:12.0$44.160,43.426,41.221,37.558,32.595,26.712,20.541,14.850,10.339,7.4190,6.0980,6.0120,6.5980,7.3030,7.7630,7.8610,7.6940,7.4680,7.3680
436|MEII ldcnd01 waveres Swell|1:spd:27|2:Tm:10.72|2:Tp:12.5$38.955,38.243,36.131,32.712,28.201,22.986,17.618,12.737,8.9040,6.4440,5.3510,5.3120,5.8520,6.5010,6.9490,7.0890,6.9980,6.8400,6.7680
437|MEII ldcnd01 waveres Swell|1:spd:27|2:Tm:11.15|2:Tp:13.0$33.997,33.348,31.436,28.379,24.398,19.851,15.214,11.023,7.7470,5.6530,4.7320,4.7190,5.2050,5.7910,6.2070,6.3600,6.3090,6.1920,6.1360
438|MEII ldcnd01 waveres Swell|1:spd:28|2:Tm:3.433|2:Tp:4.00$46.983,47.147,47.335,46.868,45.216,42.367,38.771,34.992,31.375,28.023,24.945,22.205,19.908,18.073,16.598,15.336,14.250,13.468,13.177
439|MEII ldcnd01 waveres Swell|1:spd:28|2:Tm:3.862|2:Tp:4.50$37.249,37.408,37.707,37.755,37.240,36.143,34.682,33.073,31.316,29.240,26.695,23.747,20.671,17.797,15.340,13.363,11.874,10.919,10.585
440|MEII ldcnd01 waveres Swell|1:spd:28|2:Tm:4.291|2:Tp:5.00$29.372,29.629,30.285,31.062,31.681,31.995,31.981,31.629,30.830,29.399,27.216,24.353,21.100,17.857,14.976,12.669,11.011,10.013,9.6800
441|MEII ldcnd01 waveres Swell|1:spd:28|2:Tm:4.720|2:Tp:5.50$23.834,24.176,25.122,26.469,27.924,29.180,29.981,30.174,29.701,28.561,26.771,24.375,21.493,18.356,15.292,12.645,10.665,9.4710,9.0760
442|MEII ldcnd01 waveres Swell|1:spd:28|2:Tm:5.149|2:Tp:6.00$20.048,20.465,21.671,23.500,25.624,27.556,28.804,29.070,28.351,26.879,24.926,22.662,20.146,17.448,14.744,12.313,10.433,9.2730,8.8860
443|MEII ldcnd01 waveres Swell|1:spd:28|2:Tm:5.579|2:Tp:6.50$17.691,18.197,19.688,22.025,24.799,27.319,28.830,28.891,27.577,25.402,22.957,20.597,18.358,16.134,13.910,11.853,10.213,9.1820,8.8350
444|MEII ldcnd01 waveres Swell|1:spd:28|2:Tm:6.008|2:Tp:7.00$16.704,17.323,19.177,22.105,25.568,28.612,30.215,29.833,27.726,24.773,21.893,19.535,17.573,15.652,13.597,11.572,9.9100,8.8630,8.5120
445|MEII ldcnd01 waveres Swell|1:spd:28|2:Tm:6.437|2:Tp:7.50$17.025,17.820,20.169,23.787,27.881,31.174,32.426,31.138,27.879,23.943,20.538,18.129,16.400,14.752,12.876,10.931,9.3030,8.2760,7.9340
446|MEII ldcnd01 waveres Swell|1:spd:28|2:Tm:6.866|2:Tp:8.00$18.997,20.007,22.903,27.131,31.535,34.549,34.872,32.230,27.605,22.671,18.813,16.427,14.973,13.634,11.975,10.129,8.5140,7.4650,7.1100
447|MEII ldcnd01 waveres Swell|1:spd:28|2:Tm:7.295|2:Tp:8.50$23.309,24.534,27.892,32.396,36.463,38.368,37.021,32.612,26.594,20.900,16.896,14.776,13.746,12.783,11.327,9.4730,7.6960,6.4570,6.0190
448|MEII ldcnd01 waveres Swell|1:spd:28|2:Tm:7.724|2:Tp:9.00$29.924,31.153,34.381,38.323,41.188,41.338,38.057,32.008,24.961,18.895,15.010,13.261,12.668,12.084,10.867,9.0700,7.1930,5.8070,5.3010
449|MEII ldcnd01 waveres Swell|1:spd:28|2:Tm:8.154|2:Tp:9.50$39.366,40.249,42.410,44.561,45.091,42.778,37.430,30.077,22.544,16.584,13.078,11.756,11.562,11.353,10.471,8.9190,7.1640,5.8050,5.2970
450|MEII ldcnd01 waveres Swell|1:spd:28|2:Tm:8.583|2:Tp:10.0$47.668,48.082,48.882,48.966,47.096,42.554,35.605,27.497,19.938,14.361,11.317,10.379,10.501,10.615,10.090,8.8840,7.3980,6.1980,5.7410
451|MEII ldcnd01 waveres Swell|1:spd:28|2:Tm:9.012|2:Tp:10.5$52.382,52.307,51.769,49.999,46.235,40.230,32.542,24.417,17.323,12.344,9.7840,9.1490,9.4830,9.8460,9.6710,8.8850,7.8000,6.8850,6.5300
452|MEII ldcnd01 waveres Swell|1:spd:28|2:Tm:9.441|2:Tp:11.0$53.768,53.280,51.646,48.459,43.419,36.658,28.879,21.218,14.850,10.554,8.4520,8.0490,8.5130,9.0480,9.1660,8.7760,8.1010,7.4930,7.2520
453|MEII ldcnd01 waveres Swell|1:spd:28|2:Tm:9.870|2:Tp:11.5$51.643,50.931,48.719,44.868,39.379,32.591,25.240,18.311,12.734,9.0700,7.3440,7.0950,7.6100,8.2190,8.5030,8.3690,7.9720,7.5790,7.4180
454|MEII ldcnd01 waveres Swell|1:spd:28|2:Tm:10.29|2:Tp:12.0$46.862,46.084,43.740,39.844,34.558,28.298,21.738,15.702,10.927,7.8360,6.4150,6.2580,6.7650,7.3670,7.7100,7.7010,7.4580,7.1890,7.0760
455|MEII ldcnd01 waveres Swell|1:spd:28|2:Tm:10.72|2:Tp:12.5$41.469,40.705,38.438,34.771,29.941,24.368,18.650,13.465,9.4060,6.8020,5.6240,5.5270,6.0020,6.5670,6.9180,6.9710,6.8170,6.6230,6.5400
456|MEII ldcnd01 waveres Swell|1:spd:28|2:Tm:11.15|2:Tp:13.0$36.238,35.539,33.478,30.187,25.914,21.046,16.101,11.649,8.1790,5.9630,4.9710,4.9070,5.3380,5.8520,6.1860,6.2640,6.1580,6.0100,5.9450
