#EngPerfCurves_LUTs.bash_MEII_ldcnd01_PW_MinSpd5_MaxSpd28_MinRadd_100_MaxRadd1000_DRadd10_Nse_Nepsl2_2
$1:spd:24|min:5|max:28|delta:1|0
$2:Radd:111|min:-100|max:1000|delta:10|1
1|MEII ldcnd01 fuelrate PW_Ns2Nel2|1:spd:5$1.0055,1.0243,1.0435,1.0633,1.0831,1.1023,1.1220,1.1420,1.1625,1.1822,1.2021,1.2225,1.2432,1.2642,1.2843,1.3047,1.3256,1.3469,1.3686,1.3874,1.4083,1.4296,1.4513,1.4719,1.4934,1.5146,1.5361,1.5581,1.5790,1.6017,1.6236,1.6453,1.6659,1.6884,1.7112,1.7344,1.7558,1.7779,1.8003,1.8231,1.8443,1.8678,1.8917,1.9130,1.9357,1.9586,1.9819,2.0031,2.0271,2.0514,2.0763,2.0970,2.1203,2.1439,2.1681,2.1894,2.2140,2.2392,2.2614,2.2860,2.3098,2.3341,2.3553,2.3800,2.4050,2.4275,2.4532,2.4792,2.5050,2.5260,2.5507,2.5756,2.5981,2.6236,2.6495,2.6757,2.6995,2.7264,2.7522,2.7746,2.7999,2.8255,2.8481,2.8749,2.9014,2.9282,2.9518,2.9801,3.0078,3.0305,3.0562,3.0833,3.1057,3.1323,3.1591,3.1875,3.2109,3.2386,3.2666,3.2922,3.3208,3.3479,3.3691,3.3982,3.4252,3.4467,3.4741,3.5050,3.5266,3.5549,3.5835
2|MEII ldcnd01 fuelrate PW_Ns2Nel2|1:spd:6$1.0494,1.0688,1.0885,1.1087,1.1291,1.1489,1.1692,1.1898,1.2106,1.2309,1.2515,1.2726,1.2940,1.3146,1.3356,1.3570,1.3788,1.3985,1.4197,1.4413,1.4633,1.4842,1.5057,1.5275,1.5496,1.5705,1.5935,1.6156,1.6377,1.6586,1.6815,1.7047,1.7279,1.7487,1.7714,1.7944,1.8180,1.8398,1.8634,1.8863,1.9096,1.9308,1.9547,1.9792,2.0011,2.0244,2.0481,2.0720,2.0935,2.1181,2.1433,2.1680,2.1889,2.2133,2.2378,2.2594,2.2845,2.3103,2.3362,2.3571,2.3820,2.4069,2.4288,2.4542,2.4804,2.5066,2.5296,2.5548,2.5799,2.6021,2.6277,2.6542,2.6806,2.7040,2.7310,2.7576,2.7799,2.8057,2.8317,2.8556,2.8822,2.9092,2.9331,2.9616,2.9888,3.0148,3.0387,3.0652,3.0921,3.1156,3.1444,3.1721,3.1964,3.2247,3.2544,3.2769,3.3037,3.3309,3.3605,3.3837,3.4117,3.4400,3.4633,3.4954,3.5245,3.5473,3.5745,3.6062,3.6279,3.6559,3.6843
3|MEII ldcnd01 fuelrate PW_Ns2Nel2|1:spd:7$1.0666,1.0864,1.1066,1.1273,1.1477,1.1681,1.1890,1.2101,1.2307,1.2517,1.2732,1.2945,1.3156,1.3370,1.3590,1.3807,1.4004,1.4223,1.4446,1.4669,1.4871,1.5092,1.5317,1.5547,1.5754,1.5977,1.6204,1.6436,1.6655,1.6879,1.7108,1.7340,1.7559,1.7799,1.8027,1.8240,1.8477,1.8716,1.8959,1.9175,1.9410,1.9648,1.9891,2.0113,2.0362,2.0600,2.0815,2.1058,2.1306,2.1556,2.1784,2.2027,2.2272,2.2523,2.2743,2.2998,2.3255,2.3482,2.3730,2.3980,2.4239,2.4462,2.4723,2.4986,2.5218,2.5470,2.5725,2.5951,2.6218,2.6482,2.6750,2.6996,2.7252,2.7511,2.7741,2.8013,2.8281,2.8521,2.8795,2.9081,2.9343,2.9575,2.9842,3.0122,3.0363,3.0639,3.0918,3.1180,3.1458,3.1725,3.1959,3.2251,3.2528,3.2768,3.3050,3.3359,3.3606,3.3895,3.4167,3.4472,3.4707,3.4988,3.5272,3.5508,3.5797,3.6090,3.6324,3.6617,3.6896,3.7103,3.7386
4|MEII ldcnd01 fuelrate PW_Ns2Nel2|1:spd:8$1.0610,1.0816,1.1021,1.1231,1.1439,1.1649,1.1863,1.2074,1.2286,1.2504,1.2718,1.2934,1.3154,1.3373,1.3592,1.3814,1.4022,1.4242,1.4467,1.4695,1.4905,1.5130,1.5360,1.5593,1.5805,1.6034,1.6268,1.6490,1.6721,1.6954,1.7192,1.7417,1.7650,1.7886,1.8127,1.8352,1.8591,1.8830,1.9074,1.9297,1.9544,1.9786,2.0005,2.0253,2.0505,2.0754,2.0973,2.1222,2.1474,2.1702,2.1955,2.2204,2.2457,2.2683,2.2943,2.3203,2.3423,2.3681,2.3940,2.4202,2.4434,2.4698,2.4955,2.5183,2.5447,2.5717,2.5956,2.6219,2.6481,2.6750,2.6985,2.7257,2.7531,2.7774,2.8039,2.8307,2.8543,2.8823,2.9101,2.9344,2.9616,2.9893,3.0167,3.0403,3.0683,3.0974,3.1215,3.1492,3.1767,3.1994,3.2287,3.2571,3.2801,3.3090,3.3395,3.3608,3.3889,3.4173,3.4408,3.4697,3.4989,3.5196,3.5487,3.5801,3.5987,3.6275,3.6565,3.6785,3.7080,3.7379,3.7543
5|MEII ldcnd01 fuelrate PW_Ns2Nel2|1:spd:9$1.0858,1.1069,1.1282,1.1492,1.1708,1.1922,1.2137,1.2357,1.2574,1.2792,1.3015,1.3235,1.3457,1.3683,1.3891,1.4115,1.4344,1.4572,1.4784,1.5014,1.5248,1.5477,1.5695,1.5931,1.6165,1.6399,1.6621,1.6863,1.7098,1.7336,1.7561,1.7806,1.8044,1.8266,1.8511,1.8761,1.9002,1.9224,1.9473,1.9725,1.9946,2.0193,2.0445,2.0699,2.0926,2.1176,2.1429,2.1685,2.1915,2.2172,2.2426,2.2651,2.2912,2.3178,2.3404,2.3662,2.3923,2.4190,2.4424,2.4688,2.4949,2.5184,2.5451,2.5721,2.5962,2.6229,2.6495,2.6765,2.7005,2.7285,2.7559,2.7794,2.8065,2.8344,2.8587,2.8868,2.9147,2.9389,2.9664,2.9942,3.0184,3.0477,3.0764,3.0996,3.1274,3.1566,3.1850,3.2091,3.2381,3.2669,3.2911,3.3194,3.3480,3.3707,3.4020,3.4315,3.4539,3.4823,3.5110,3.5348,3.5640,3.5935,3.6139,3.6480,3.6771,3.6955,3.7247,3.7416,3.7775,3.8075,3.8246
6|MEII ldcnd01 fuelrate PW_Ns2Nel2|1:spd:10$1.1286,1.1504,1.1719,1.1939,1.2158,1.2378,1.2602,1.2823,1.3047,1.3275,1.3499,1.3726,1.3940,1.4167,1.4397,1.4632,1.4846,1.5079,1.5315,1.5550,1.5770,1.6008,1.6248,1.6470,1.6710,1.6954,1.7194,1.7419,1.7664,1.7911,1.8154,1.8380,1.8630,1.8879,1.9103,1.9352,1.9606,1.9859,2.0083,2.0336,2.0594,2.0823,2.1075,2.1331,2.1592,2.1826,2.2081,2.2338,2.2571,2.2835,2.3099,2.3358,2.3591,2.3857,2.4127,2.4359,2.4625,2.4892,2.5130,2.5403,2.5676,2.5943,2.6181,2.6454,2.6735,2.6978,2.7248,2.7521,2.7770,2.8050,2.8333,2.8573,2.8854,2.9133,2.9379,2.9664,2.9958,3.0197,3.0477,3.0760,3.1017,3.1305,3.1597,3.1833,3.2131,3.2417,3.2706,3.2950,3.3245,3.3552,3.3784,3.4073,3.4365,3.4622,3.4920,3.5147,3.5435,3.5726,3.5973,3.6269,3.6569,3.6774,3.7131,3.7424,3.7614,3.7911,3.8210,3.8470,3.8775,3.9083,3.9266
7|MEII ldcnd01 fuelrate PW_Ns2Nel2|1:spd:11$1.2285,1.2511,1.2737,1.2963,1.3193,1.3421,1.3651,1.3869,1.4098,1.4332,1.4569,1.4786,1.5023,1.5264,1.5499,1.5723,1.5967,1.6205,1.6447,1.6678,1.6921,1.7164,1.7396,1.7645,1.7890,1.8138,1.8372,1.8622,1.8871,1.9102,1.9359,1.9610,1.9863,2.0096,2.0357,2.0611,2.0842,2.1102,2.1366,2.1623,2.1856,2.2119,2.2386,2.2617,2.2883,2.3148,2.3385,2.3654,2.3922,2.4189,2.4427,2.4701,2.4975,2.5210,2.5482,2.5757,2.6009,2.6280,2.6553,2.6796,2.7081,2.7363,2.7638,2.7882,2.8167,2.8450,2.8703,2.8985,2.9271,2.9519,2.9804,3.0093,3.0358,3.0639,3.0923,3.1172,3.1475,3.1769,3.2021,3.2306,3.2595,3.2859,3.3154,3.3451,3.3697,3.4011,3.4303,3.4541,3.4838,3.5171,3.5411,3.5704,3.5999,3.6221,3.6569,3.6872,3.7096,3.7401,3.7673,3.7972,3.8274,3.8480,3.8787,3.9097,3.9295,3.9595,3.9898,4.0086,4.0394,4.0704,4.0902
8|MEII ldcnd01 fuelrate PW_Ns2Nel2|1:spd:12$1.3246,1.3487,1.3727,1.3951,1.4195,1.4438,1.4686,1.4914,1.5163,1.5411,1.5646,1.5898,1.6148,1.6401,1.6640,1.6894,1.7153,1.7391,1.7649,1.7910,1.8167,1.8410,1.8672,1.8933,1.9175,1.9440,1.9704,1.9946,2.0214,2.0480,2.0750,2.0993,2.1262,2.1534,2.1779,2.2049,2.2323,2.2569,2.2844,2.3119,2.3365,2.3645,2.3921,2.4201,2.4451,2.4731,2.5011,2.5261,2.5550,2.5831,2.6080,2.6368,2.6660,2.6909,2.7197,2.7488,2.7743,2.8035,2.8326,2.8580,2.8877,2.9172,2.9422,2.9718,3.0018,3.0265,3.0566,3.0865,3.1111,3.1412,3.1709,3.1952,3.2255,3.2561,3.2786,3.3087,3.3316,3.3623,3.3932,3.4135,3.4438,3.4762,3.4954,3.5266,3.5570,3.5744,3.6072,3.6384,3.6560,3.6867,3.7050,3.7374,3.7686,3.7898,3.8212,3.8520,3.8757,3.9071,3.9388,3.9635,3.9948,4.0208,4.0523,4.0841,4.1104,4.1428,4.1755,4.2015,4.2334,4.2593,4.2918
9|MEII ldcnd01 fuelrate PW_Ns2Nel2|1:spd:13$1.4548,1.4784,1.5033,1.5287,1.5537,1.5778,1.6033,1.6288,1.6532,1.6788,1.7048,1.7308,1.7552,1.7816,1.8078,1.8322,1.8589,1.8852,1.9096,1.9365,1.9632,1.9902,2.0148,2.0417,2.0690,2.0937,2.1209,2.1484,2.1732,2.2006,2.2284,2.2534,2.2809,2.3089,2.3372,2.3620,2.3901,2.4185,2.4437,2.4720,2.5006,2.5261,2.5547,2.5833,2.6091,2.6384,2.6671,2.6926,2.7223,2.7518,2.7772,2.8066,2.8363,2.8626,2.8919,2.9216,2.9474,2.9774,3.0077,3.0329,3.0632,3.0937,3.1180,3.1490,3.1732,3.2039,3.2343,3.2584,3.2890,3.3199,3.3425,3.3728,3.4052,3.4265,3.4578,3.4888,3.5080,3.5414,3.5727,3.5908,3.6219,3.6387,3.6723,3.7038,3.7218,3.7531,3.7843,3.8062,3.8379,3.8607,3.8925,3.9238,3.9479,3.9812,4.0133,4.0393,4.0708,4.0968,4.1306,4.1629,4.1901,4.2226,4.2545,4.2841,4.3166,4.3436,4.3766,4.4092,4.4348,4.4724,4.4984
10|MEII ldcnd01 fuelrate PW_Ns2Nel2|1:spd:14$1.5698,1.5955,1.6215,1.6475,1.6722,1.6986,1.7248,1.7497,1.7762,1.8027,1.8277,1.8544,1.8813,1.9086,1.9332,1.9604,1.9878,2.0125,2.0401,2.0677,2.0924,2.1203,2.1482,2.1729,2.2011,2.2292,2.2541,2.2825,2.3110,2.3359,2.3644,2.3933,2.4218,2.4472,2.4762,2.5051,2.5308,2.5599,2.5894,2.6150,2.6442,2.6741,2.7003,2.7296,2.7592,2.7861,2.8157,2.8454,2.8716,2.9019,2.9282,2.9582,2.9885,3.0146,3.0447,3.0757,3.1011,3.1320,3.1624,3.1868,3.2187,3.2499,3.2737,3.3044,3.3369,3.3602,3.3917,3.4131,3.4442,3.4778,3.4986,3.5299,3.5611,3.5792,3.6140,3.6461,3.6626,3.6940,3.7113,3.7432,3.7784,3.7972,3.8288,3.8607,3.8832,3.9179,3.9414,3.9732,4.0053,4.0311,4.0661,4.0983,4.1246,4.1569,4.1843,4.2203,4.2532,4.2807,4.3132,4.3410,4.3741,4.4118,4.4396,4.4723,4.5053,4.5324,4.5720,4.5994,4.6325,4.6656,4.6918
11|MEII ldcnd01 fuelrate PW_Ns2Nel2|1:spd:15$1.6999,1.7277,1.7539,1.7820,1.8099,1.8363,1.8644,1.8929,1.9191,1.9476,1.9763,2.0027,2.0317,2.0605,2.0869,2.1160,2.1452,2.1718,2.2010,2.2307,2.2571,2.2868,2.3168,2.3430,2.3731,2.4032,2.4298,2.4603,2.4903,2.5170,2.5477,2.5781,2.6049,2.6358,2.6664,2.6934,2.7245,2.7555,2.7825,2.8139,2.8406,2.8720,2.9040,2.9306,2.9623,2.9943,3.0206,3.0530,3.0852,3.1113,3.1433,3.1692,3.2015,3.2341,3.2591,3.2919,3.3241,3.3481,3.3811,3.4041,3.4365,3.4692,3.4906,3.5236,3.5563,3.5770,3.6103,3.6312,3.6641,3.6977,3.7210,3.7539,3.7787,3.8122,3.8461,3.8721,3.9055,3.9329,3.9669,4.0003,4.0281,4.0620,4.0901,4.1240,4.1577,4.1847,4.2192,4.2454,4.2793,4.3134,4.3388,4.3736,4.3986,4.4328,4.4673,4.4917,4.5268,4.5498,4.5852,4.6200,4.6428,4.6779,4.6999,4.7346,4.7586,4.7938,4.8290,4.8522,4.8871,4.9131,4.9499
12|MEII ldcnd01 fuelrate PW_Ns2Nel2|1:spd:16$1.8052,1.8320,1.8605,1.8894,1.9159,1.9450,1.9739,2.0007,2.0299,2.0592,2.0861,2.1155,2.1452,2.1719,2.2018,2.2318,2.2585,2.2887,2.3187,2.3457,2.3762,2.4064,2.4336,2.4642,2.4948,2.5222,2.5529,2.5839,2.6113,2.6422,2.6735,2.7011,2.7323,2.7598,2.7914,2.8229,2.8507,2.8825,2.9142,2.9416,2.9737,3.0061,3.0333,3.0658,3.0921,3.1245,3.1578,3.1836,3.2161,3.2490,3.2742,3.3068,3.3316,3.3647,3.3974,3.4203,3.4536,3.4872,3.5084,3.5417,3.5629,3.5958,3.6291,3.6511,3.6847,3.7076,3.7410,3.7748,3.8004,3.8338,3.8603,3.8943,3.9283,3.9556,3.9897,4.0181,4.0523,4.0862,4.1143,4.1489,4.1765,4.2106,4.2450,4.2716,4.3065,4.3325,4.3670,4.3923,4.4273,4.4622,4.4865,4.5226,4.5467,4.5820,4.6168,4.6395,4.6746,4.6997,4.7352,4.7575,4.7926,4.8280,4.8518,4.8903,4.9148,4.9502,4.9778,5.0137,5.0494,5.0807,5.1163
13|MEII ldcnd01 fuelrate PW_Ns2Nel2|1:spd:17$1.9652,1.9949,2.0219,2.0518,2.0815,2.1088,2.1387,2.1660,2.1962,2.2264,2.2539,2.2841,2.3148,2.3421,2.3727,2.4038,2.4311,2.4621,2.4933,2.5208,2.5522,2.5835,2.6111,2.6430,2.6744,2.7023,2.7343,2.7619,2.7942,2.8264,2.8540,2.8862,2.9187,2.9467,2.9792,3.0068,3.0391,3.0718,3.0997,3.1322,3.1650,3.1916,3.2243,3.2498,3.2836,3.3168,3.3411,3.3744,3.4080,3.4317,3.4652,3.4871,3.5205,3.5539,3.5759,3.6099,3.6310,3.6646,3.6986,3.7219,3.7561,3.7812,3.8154,3.8494,3.8760,3.9104,3.9385,3.9726,4.0068,4.0353,4.0701,4.0986,4.1330,4.1677,4.1959,4.2305,4.2572,4.2928,4.3194,4.3544,4.3891,4.4148,4.4501,4.4772,4.5121,4.5472,4.5717,4.6074,4.6308,4.6690,4.6922,4.7279,4.7638,4.7864,4.8218,4.8498,4.8857,4.9103,4.9457,4.9814,5.0083,5.0485,5.0767,5.1124,5.1425,5.1788,5.2110,5.2494,5.2854,5.3178,5.3544
14|MEII ldcnd01 fuelrate PW_Ns2Nel2|1:spd:18$2.1269,2.1572,2.1850,2.2156,2.2464,2.2742,2.3050,2.3362,2.3639,2.3952,2.4232,2.4544,2.4861,2.5141,2.5457,2.5777,2.6058,2.6377,2.6698,2.6980,2.7306,2.7590,2.7912,2.8238,2.8520,2.8850,2.9178,2.9460,2.9787,3.0068,3.0403,3.0732,3.1008,3.1339,3.1670,3.1945,3.2280,3.2536,3.2871,3.3209,3.3454,3.3800,3.4039,3.4375,3.4712,3.4934,3.5286,3.5624,3.5836,3.6180,3.6391,3.6742,3.7085,3.7315,3.7655,3.7907,3.8253,3.8602,3.8868,3.9214,3.9496,3.9841,4.0127,4.0477,4.0829,4.1116,4.1464,4.1749,4.2110,4.2458,4.2734,4.3087,4.3360,4.3712,4.3993,4.4347,4.4705,4.4964,4.5318,4.5568,4.5963,4.6212,4.6566,4.6924,4.7163,4.7525,4.7816,4.8174,4.8407,4.8770,4.9134,4.9370,4.9802,5.0045,5.0411,5.0681,5.1042,5.1405,5.1699,5.2113,5.2412,5.2776,5.3094,5.3463,5.3798,5.4193,5.4526,5.4895,5.5267,5.5609,5.5982
15|MEII ldcnd01 fuelrate PW_Ns2Nel2|1:spd:19$2.2931,2.3248,2.3529,2.3845,2.4164,2.4446,2.4767,2.5052,2.5372,2.5696,2.5981,2.6307,2.6632,2.6920,2.7247,2.7573,2.7866,2.8196,2.8484,2.8813,2.9146,2.9437,2.9769,3.0105,3.0387,3.0722,3.1002,3.1344,3.1680,3.1954,3.2290,3.2551,3.2902,3.3241,3.3493,3.3835,3.4076,3.4431,3.4774,3.5002,3.5342,3.5555,3.5900,3.6262,3.6471,3.6817,3.7047,3.7390,3.7747,3.7997,3.8345,3.8611,3.8959,3.9311,3.9596,3.9945,4.0236,4.0590,4.0940,4.1232,4.1594,4.1889,4.2241,4.2523,4.2880,4.3239,4.3535,4.3891,4.4166,4.4528,4.4793,4.5150,4.5550,4.5817,4.6178,4.6432,4.6793,4.7042,4.7475,4.7835,4.8077,4.8442,4.8683,4.9046,4.9372,4.9738,4.9980,5.0349,5.0713,5.0962,5.1429,5.1684,5.2054,5.2330,5.2699,5.3006,5.3438,5.3810,5.4115,5.4487,5.4819,5.5196,5.5539,5.5949,5.6294,5.6672,5.7018,5.7397,5.7711,5.8157,5.8538
16|MEII ldcnd01 fuelrate PW_Ns2Nel2|1:spd:20$2.4583,2.4914,2.5213,2.5548,2.5886,2.6182,2.6521,2.6818,2.7159,2.7500,2.7797,2.8141,2.8438,2.8785,2.9128,2.9426,2.9773,3.0071,3.0421,3.0769,3.1064,3.1414,3.1704,3.2060,3.2412,3.2697,3.3052,3.3327,3.3684,3.4040,3.4302,3.4662,3.4905,3.5264,3.5500,3.5858,3.6219,3.6461,3.6821,3.7084,3.7442,3.7803,3.8086,3.8448,3.8742,3.9108,3.9410,3.9775,4.0144,4.0453,4.0819,4.1131,4.1500,4.1799,4.2171,4.2465,4.2834,4.3206,4.3495,4.3861,4.4139,4.4515,4.4789,4.5162,4.5432,4.5800,4.6174,4.6436,4.6816,4.7078,4.7454,4.7721,4.8090,4.8362,4.8741,4.9036,4.9419,4.9730,5.0105,5.0489,5.0823,5.1204,5.1549,5.1936,5.2286,5.2667,5.3013,5.3403,5.3731,5.4117,5.4434,5.4827,5.5137,5.5525,5.5843,5.6237,5.6574,5.6964,5.7357,5.7718,5.8116,5.8486,5.8881,5.9265,5.9666,6.0043,6.0440,6.0815,6.1218,6.1592,6.1991
17|MEII ldcnd01 fuelrate PW_Ns2Nel2|1:spd:21$2.6856,2.7201,2.7547,2.7851,2.8200,2.8501,2.8851,2.9200,2.9506,2.9858,3.0158,3.0513,3.0864,3.1163,3.1523,3.1815,3.2174,3.2459,3.2817,3.3177,3.3455,3.3817,3.4080,3.4441,3.4805,3.5049,3.5412,3.5654,3.6015,3.6263,3.6627,3.6990,3.7256,3.7621,3.7905,3.8274,3.8571,3.8938,3.9309,3.9615,3.9985,4.0299,4.0670,4.0981,4.1355,4.1659,4.2031,4.2407,4.2702,4.3076,4.3361,4.3740,4.4018,4.4395,4.4673,4.5049,4.5425,4.5694,4.6075,4.6337,4.6718,4.6983,4.7358,4.7622,4.8006,4.8284,4.8664,4.8962,4.9348,4.9727,5.0045,5.0431,5.0772,5.1155,5.1503,5.1892,5.2247,5.2634,5.2981,5.3374,5.3707,5.4096,5.4419,5.4813,5.5130,5.5521,5.5840,5.6236,5.6576,5.6976,5.7372,5.7733,5.8134,5.8506,5.8904,5.9289,5.9696,6.0076,6.0476,6.0854,6.1260,6.1636,6.2038,6.2410,6.2824,6.3198,6.3602,6.3968,6.4377,6.4746,6.5157
18|MEII ldcnd01 fuelrate PW_Ns2Nel2|1:spd:22$3.0091,3.0450,3.0812,3.1114,3.1474,3.1769,3.2132,3.2492,3.2787,3.3150,3.3429,3.3795,3.4060,3.4425,3.4794,3.5042,3.5409,3.5653,3.6020,3.6271,3.6640,3.7008,3.7279,3.7647,3.7934,3.8308,3.8608,3.8980,3.9355,3.9664,4.0038,4.0358,4.0731,4.1047,4.1426,4.1730,4.2108,4.2489,4.2784,4.3163,4.3454,4.3834,4.4116,4.4498,4.4779,4.5160,4.5431,4.5817,4.6079,4.6462,4.6848,4.7113,4.7496,4.7763,4.8152,4.8427,4.8813,4.9116,4.9503,4.9823,5.0212,5.0555,5.0943,5.1293,5.1686,5.2081,5.2436,5.2828,5.3183,5.3579,5.3913,5.4318,5.4645,5.5043,5.5358,5.5756,5.6079,5.6479,5.6828,5.7228,5.7585,5.7988,5.8360,5.8762,5.9148,5.9560,5.9944,6.0348,6.0731,6.1140,6.1516,6.1922,6.2312,6.2724,6.3098,6.3506,6.3877,6.4290,6.4663,6.5105,6.5476,6.5890,6.6258,6.6674,6.7001,6.7416,6.7837,6.8258,6.8591,6.9007,6.9401
19|MEII ldcnd01 fuelrate PW_Ns2Nel2|1:spd:23$3.4391,3.4760,3.5014,3.5386,3.5632,3.6008,3.6261,3.6633,3.7007,3.7278,3.7651,3.7947,3.8320,3.8625,3.9003,3.9315,3.9693,4.0074,4.0392,4.0771,4.1094,4.1472,4.1783,4.2168,4.2467,4.2849,4.3235,4.3527,4.3911,4.4205,4.4591,4.4872,4.5259,4.5536,4.5920,4.6186,4.6585,4.6847,4.7235,4.7503,4.7893,4.8281,4.8569,4.8962,4.9259,4.9649,4.9974,5.0368,5.0708,5.1108,5.1463,5.1857,5.2217,5.2614,5.2976,5.3371,5.3729,5.4129,5.4463,5.4859,5.5181,5.5584,5.5910,5.6336,5.6665,5.7070,5.7423,5.7824,5.8195,5.8602,5.8998,5.9402,5.9793,6.0202,6.0594,6.1001,6.1382,6.1812,6.2197,6.2609,6.2986,6.3400,6.3779,6.4196,6.4611,6.5027,6.5411,6.5831,6.6210,6.6626,6.6988,6.7489,6.7864,6.8282,6.8648,6.9071,6.9461,6.9885,7.0300,7.0822,7.1243,7.1673,7.2113,7.2580,7.3009,7.3486,7.3969,7.4430,7.4861,7.5324,7.5760
20|MEII ldcnd01 fuelrate PW_Ns2Nel2|1:spd:24$3.9384,3.9765,4.0146,4.0472,4.0855,4.1179,4.1566,4.1882,4.2267,4.2575,4.2962,4.3259,4.3655,4.3950,4.4337,4.4727,4.5017,4.5405,4.5698,4.6092,4.6361,4.6752,4.7020,4.7413,4.7681,4.8096,4.8375,4.8767,4.9063,4.9460,4.9782,5.0176,5.0531,5.0931,5.1282,5.1680,5.2081,5.2447,5.2855,5.3222,5.3626,5.3986,5.4387,5.4728,5.5135,5.5498,5.5902,5.6228,5.6638,5.6964,5.7370,5.7714,5.8154,5.8507,5.8916,5.9296,5.9710,6.0103,6.0514,6.0925,6.1342,6.1740,6.2153,6.2544,6.2963,6.3352,6.3773,6.4191,6.4583,6.5007,6.5395,6.5815,6.6207,6.6632,6.7079,6.7500,6.7892,6.8319,6.8715,6.9138,6.9535,7.0044,7.0458,7.0889,7.1308,7.1738,7.2177,7.2636,7.3069,7.3588,7.4022,7.4479,7.4919,7.5374,7.5810,7.6264,7.6734,7.7185,7.7625,7.8072,7.8526,7.8971,7.9440,7.9884,8.0403,8.0848,8.1359,8.1810,8.2338,8.2785,8.3324
21|MEII ldcnd01 fuelrate PW_Ns2Nel2|1:spd:25$4.6239,4.6519,4.6913,4.7185,4.7618,4.7888,4.8285,4.8562,4.8963,4.9254,4.9690,5.0001,5.0400,5.0734,5.1136,5.1491,5.1891,5.2270,5.2677,5.3047,5.3451,5.3821,5.4230,5.4582,5.5021,5.5368,5.5781,5.6110,5.6520,5.6849,5.7263,5.7641,5.8052,5.8395,5.8811,5.9178,5.9592,5.9986,6.0427,6.0821,6.1238,6.1644,6.2066,6.2466,6.2885,6.3315,6.3740,6.4139,6.4560,6.4959,6.5386,6.5786,6.6231,6.6657,6.7062,6.7493,6.7894,6.8322,6.8728,6.9161,6.9643,7.0072,7.0492,7.0927,7.1359,7.1791,7.2228,7.2742,7.3182,7.3632,7.4067,7.4515,7.4955,7.5407,7.5851,7.6331,7.6773,7.7223,7.7670,7.8125,7.8581,7.9026,7.9554,8.0006,8.0504,8.0951,8.1466,8.1918,8.2453,8.2999,8.3541,8.4076,8.4533,8.5055,8.5518,8.6025,8.6483,-1.0,-1.0,-1.0,-1.0,-1.0,-1.0,-1.0,-1.0,-1.0,-1.0,-1.0,-1.0,-1.0,-1.0
22|MEII ldcnd01 fuelrate PW_Ns2Nel2|1:spd:26$5.2766,5.3139,5.3546,5.3943,5.4356,5.4735,5.5146,5.5510,5.5927,5.6271,5.6743,5.7084,5.7503,5.7830,5.8246,5.8577,5.8998,5.9412,5.9830,6.0195,6.0618,6.1006,6.1426,6.1830,6.2240,6.2695,6.3100,6.3525,6.3936,6.4363,6.4768,6.5196,6.5649,6.6081,6.6488,6.6917,6.7330,6.7765,6.8177,6.8668,6.9089,6.9515,6.9952,7.0377,7.0813,7.1248,7.1689,7.2184,7.2622,7.3063,7.3506,7.3955,7.4394,7.4840,7.5334,7.5781,7.6234,7.6678,7.7130,7.7579,7.8039,7.8491,7.9030,7.9516,7.9969,8.0477,8.0933,8.1452,8.1906,8.2442,8.2903,-1.0,-1.0,-1.0,-1.0,-1.0,-1.0,-1.0,-1.0,-1.0,-1.0,-1.0,-1.0,-1.0,-1.0,-1.0,-1.0,-1.0,-1.0,-1.0,-1.0,-1.0,-1.0,-1.0,-1.0,-1.0,-1.0,-1.0,-1.0,-1.0,-1.0,-1.0,-1.0,-1.0,-1.0,-1.0,-1.0,-1.0,-1.0,-1.0,-1.0
23|MEII ldcnd01 fuelrate PW_Ns2Nel2|1:spd:27$5.9424,5.9846,6.0199,6.0626,6.0998,6.1507,6.1883,6.2313,6.2703,6.3102,6.3532,6.3942,6.4374,6.4837,6.5269,6.5682,6.6119,6.6531,6.6965,6.7383,6.7885,6.8304,6.8740,6.9164,6.9592,7.0034,7.0462,7.0902,7.1391,7.1837,7.2272,7.2715,7.3157,7.3605,7.4055,7.4557,7.5003,7.5456,7.5908,7.6366,7.6813,7.7273,7.7727,7.8197,7.8674,7.9126,7.9616,-1.0,-1.0,-1.0,-1.0,-1.0,-1.0,-1.0,-1.0,-1.0,-1.0,-1.0,-1.0,-1.0,-1.0,-1.0,-1.0,-1.0,-1.0,-1.0,-1.0,-1.0,-1.0,-1.0,-1.0,-1.0,-1.0,-1.0,-1.0,-1.0,-1.0,-1.0,-1.0,-1.0,-1.0,-1.0,-1.0,-1.0,-1.0,-1.0,-1.0,-1.0,-1.0,-1.0,-1.0,-1.0,-1.0,-1.0,-1.0,-1.0,-1.0,-1.0,-1.0,-1.0,-1.0,-1.0,-1.0,-1.0,-1.0,-1.0,-1.0,-1.0,-1.0,-1.0,-1.0
24|MEII ldcnd01 fuelrate PW_Ns2Nel2|1:spd:28$6.8284,6.8725,6.9153,6.9600,7.0090,7.0518,7.0964,7.1402,7.1851,7.2287,7.2734,7.3180,7.3633,7.4082,7.4533,7.4984,7.5442,7.5899,-1.0,-1.0,-1.0,-1.0,-1.0,-1.0,-1.0,-1.0,-1.0,-1.0,-1.0,-1.0,-1.0,-1.0,-1.0,-1.0,-1.0,-1.0,-1.0,-1.0,-1.0,-1.0,-1.0,-1.0,-1.0,-1.0,-1.0,-1.0,-1.0,-1.0,-1.0,-1.0,-1.0,-1.0,-1.0,-1.0,-1.0,-1.0,-1.0,-1.0,-1.0,-1.0,-1.0,-1.0,-1.0,-1.0,-1.0,-1.0,-1.0,-1.0,-1.0,-1.0,-1.0,-1.0,-1.0,-1.0,-1.0,-1.0,-1.0,-1.0,-1.0,-1.0,-1.0,-1.0,-1.0,-1.0,-1.0,-1.0,-1.0,-1.0,-1.0,-1.0,-1.0,-1.0,-1.0,-1.0,-1.0,-1.0,-1.0,-1.0,-1.0,-1.0,-1.0,-1.0,-1.0,-1.0,-1.0,-1.0,-1.0,-1.0,-1.0,-1.0,-1.0
